44.a1;[0, 1, 0, -77, -289];[[4,3,9,7],[61,6,60,7],[1,6,0,1],[1,0,6,1],[13,6,39,19],[3,4,8,11],[14,57,43,7]];66
44.a2;[0, 1, 0, 3, -1];[[61,6,60,7],[1,0,6,1],[4,3,9,7],[3,4,8,11],[12,61,55,45],[1,6,0,1],[13,6,39,19]];66
51.a1;[0, 1, 1, -59, -196];[[37,6,9,19],[1,0,6,1],[4,3,9,7],[3,4,8,11],[20,87,1,52],[97,6,96,7],[1,6,0,1]];102
51.a2;[0, 1, 1, 1, -1];[[37,6,9,19],[1,0,6,1],[4,3,9,7],[3,4,8,11],[18,91,37,36],[97,6,96,7],[1,6,0,1]];102
92.b1;[0, 1, 0, -18, -43];[[1,0,6,1],[4,3,9,7],[97,6,15,19],[3,4,8,11],[26,117,79,7],[1,6,0,1],[133,6,132,7]];138
92.b2;[0, 1, 0, 2, 1];[[1,0,6,1],[4,3,9,7],[97,6,15,19],[3,4,8,11],[1,6,0,1],[133,6,132,7],[24,121,115,93]];138
106.c1;[1, 0, 0, -9, -29];[[4,3,9,7],[1010,267,487,643],[319,6,957,19],[1267,6,1266,7],[1,6,0,1],[3,4,8,11],[1009,6,483,19],[637,6,639,19],[1,0,6,1]];1272
106.c2;[1, 0, 0, 1, 1];[[4,3,9,7],[54,1225,265,531],[319,6,957,19],[1267,6,1266,7],[1,6,0,1],[3,4,8,11],[1009,6,483,19],[637,6,639,19],[1,0,6,1]];1272
106.d1;[1, 0, 0, -24603, -1487407];[[4,3,9,7],[374,267,487,7],[631,6,630,7],[1,6,0,1],[3,4,8,11],[319,6,321,19],[373,6,483,19],[1,0,6,1]];636
106.d2;[1, 0, 0, -283, -2351];[[4,3,9,7],[54,589,265,531],[631,6,630,7],[1,6,0,1],[3,4,8,11],[319,6,321,19],[373,6,483,19],[1,0,6,1]];636
110.a1;[1, 0, 1, -89, 316];[[4,3,9,7],[1057,6,531,19],[606,721,385,771],[991,6,0,1],[1315,6,1314,7],[661,6,663,19],[1201,6,963,19],[1,6,0,1],[3,4,8,11],[1,0,6,1]];1320
110.a2;[1, 0, 1, 296, 1702];[[4,3,9,7],[1057,6,531,19],[991,6,0,1],[1315,6,1314,7],[661,6,663,19],[1201,6,963,19],[1,6,0,1],[3,4,8,11],[938,387,175,667],[1,0,6,1]];1320
110.c1;[1, 0, 0, -1, 1];[[4,3,9,7],[1057,6,531,19],[606,721,385,771],[991,6,0,1],[1315,6,1314,7],[661,6,663,19],[1201,6,963,19],[1,6,0,1],[3,4,8,11],[1,0,6,1]];1320
110.c2;[1, 0, 0, 9, -25];[[4,3,9,7],[1057,6,531,19],[991,6,0,1],[1315,6,1314,7],[661,6,663,19],[1201,6,963,19],[1,6,0,1],[3,4,8,11],[938,387,175,667],[1,0,6,1]];1320
116.b1;[0, 1, 0, -4, 4];[[205,6,267,19],[4,3,9,7],[343,6,342,7],[30,325,145,291],[175,6,177,19],[1,6,0,1],[3,4,8,11],[1,0,6,1]];348
116.b2;[0, 1, 0, 36, -76];[[205,6,267,19],[4,3,9,7],[343,6,342,7],[206,147,271,7],[175,6,177,19],[1,6,0,1],[3,4,8,11],[1,0,6,1]];348
124.a1;[0, 1, 0, -2, 1];[[1,0,6,1],[181,6,180,7],[4,3,9,7],[156,37,31,63],[3,4,8,11],[127,6,9,19],[1,6,0,1]];186
124.a2;[0, 1, 0, 18, -11];[[158,33,103,7],[1,0,6,1],[181,6,180,7],[4,3,9,7],[3,4,8,11],[127,6,9,19],[1,6,0,1]];186
140.a1;[0, 1, 0, -805, -9065];[[1,0,6,1],[4,3,9,7],[3,4,8,11],[127,6,171,19],[31,6,93,19],[38,177,115,7],[1,6,0,1],[205,6,204,7]];210
140.a2;[0, 1, 0, -5, -25];[[1,0,6,1],[4,3,9,7],[3,4,8,11],[127,6,171,19],[36,181,175,141],[31,6,93,19],[1,6,0,1],[205,6,204,7]];210
142.e1;[1, 0, 0, -58, -170];[[433,6,1299,19],[3,4,8,11],[4,3,9,7],[853,6,855,19],[1,0,6,1],[74,1635,223,859],[1699,6,1698,7],[1279,6,429,19],[1,6,0,1]];1704
142.e2;[1, 0, 0, -8, 8];[[433,6,1299,19],[3,4,8,11],[853,6,855,19],[4,3,9,7],[1,0,6,1],[1350,361,1633,1563],[1699,6,1698,7],[1279,6,429,19],[1,6,0,1]];1704
153.b1;[0, 0, 1, -534, 4752];[[37,6,9,19],[82,15,101,50],[1,0,6,1],[4,3,9,7],[3,4,8,11],[97,6,96,7],[1,6,0,1]];102
153.b2;[0, 0, 1, 6, 27];[[37,6,9,19],[1,0,6,1],[4,3,9,7],[3,4,8,11],[84,11,65,66],[97,6,96,7],[1,6,0,1]];102
170.c1;[1, 0, 1, -3, 6];[[4,3,9,7],[817,6,411,19],[2035,6,2034,7],[511,6,1533,19],[1021,6,1023,19],[241,6,723,19],[1,6,0,1],[3,4,8,11],[1446,601,1105,171],[1,0,6,1]];2040
170.c2;[1, 0, 1, 22, -164];[[4,3,9,7],[817,6,411,19],[2035,6,2034,7],[511,6,1533,19],[1021,6,1023,19],[241,6,723,19],[1,6,0,1],[3,4,8,11],[938,1107,775,1027],[1,0,6,1]];2040
170.e1;[1, 0, 0, -6641, -215575];[[4,3,9,7],[817,6,411,19],[2035,6,2034,7],[511,6,1533,19],[1021,6,1023,19],[241,6,723,19],[1,6,0,1],[3,4,8,11],[938,1107,775,1027],[1,0,6,1]];2040
170.e2;[1, 0, 0, 399, -919];[[4,3,9,7],[817,6,411,19],[2035,6,2034,7],[511,6,1533,19],[1021,6,1023,19],[241,6,723,19],[1,6,0,1],[3,4,8,11],[1446,601,1105,171],[1,0,6,1]];2040
172.a1;[0, 1, 0, -13, 15];[[175,6,9,19],[3,4,8,11],[4,3,9,7],[216,49,43,87],[1,0,6,1],[253,6,252,7],[1,6,0,1]];258
172.a2;[0, 1, 0, 67, 79];[[175,6,9,19],[3,4,8,11],[4,3,9,7],[1,0,6,1],[253,6,252,7],[218,45,139,7],[1,6,0,1]];258
174.b1;[1, 0, 1, -7705, 1226492];[[349,6,351,19],[3,4,8,11],[4,3,9,7],[175,6,0,1],[1,0,6,1],[553,6,267,19],[691,6,690,7],[30,673,235,222],[1,6,0,1]];696
174.b2;[1, 0, 1, 68840, -31810330];[[4,3,9,7],[175,6,0,1],[554,147,1,610],[691,6,690,7],[1,6,0,1],[3,4,8,11],[349,6,351,19],[553,6,267,19],[1,0,6,1]];696
176.a1;[0, -1, 0, -77, 289];[[1,0,6,1],[4,3,9,7],[3,4,8,11],[118,75,89,125],[71,126,72,125],[65,0,0,131],[1,6,0,1],[13,6,39,19],[127,6,126,7]];132
176.a2;[0, -1, 0, 3, 1];[[1,0,6,1],[4,3,9,7],[3,4,8,11],[71,126,72,125],[65,0,0,131],[12,61,55,45],[1,6,0,1],[13,6,39,19],[127,6,126,7]];132
178.b1;[1, 0, 0, -554, -5068];[[4,3,9,7],[535,6,537,19],[626,447,811,7],[1,6,0,1],[1063,6,1062,7],[181,6,543,19],[3,4,8,11],[1,0,6,1]];1068
178.b2;[1, 0, 0, 6, -28];[[4,3,9,7],[535,6,537,19],[90,985,445,891],[1,6,0,1],[1063,6,1062,7],[181,6,543,19],[3,4,8,11],[1,0,6,1]];1068
187.a1;[0, 1, 1, -99, -905];[[4,3,9,7],[61,6,60,7],[1,6,0,1],[1,0,6,1],[13,6,39,19],[3,4,8,11],[14,57,43,7]];66
187.a2;[0, 1, 1, 11, 30];[[61,6,60,7],[1,0,6,1],[4,3,9,7],[3,4,8,11],[12,61,55,45],[1,6,0,1],[13,6,39,19]];66
190.c1;[1, 0, 0, -2780, -56650];[[97,6,291,19],[3,4,8,11],[4,3,9,7],[1,0,6,1],[343,6,0,1],[229,6,231,19],[98,363,295,235],[1,6,0,1],[451,6,450,7]];456
190.c2;[1, 0, 0, -30, -100];[[4,3,9,7],[229,6,231,19],[343,6,0,1],[97,6,291,19],[1,6,0,1],[3,4,8,11],[451,6,450,7],[438,25,361,267],[1,0,6,1]];456
209.a1;[0, 1, 1, -27, 55];[[61,6,60,7],[1,0,6,1],[4,3,9,7],[3,4,8,11],[12,61,55,45],[1,6,0,1],[13,6,39,19]];66
209.a2;[0, 1, 1, 193, -308];[[4,3,9,7],[61,6,60,7],[1,6,0,1],[1,0,6,1],[13,6,39,19],[3,4,8,11],[14,57,43,7]];66
214.d1;[1, 0, 0, -18, -112];[[109,6,327,19],[3,4,8,11],[4,3,9,7],[1,0,6,1],[110,537,331,7],[637,6,636,7],[1,6,0,1]];642
214.d2;[1, 0, 0, 2, 4];[[109,6,327,19],[3,4,8,11],[4,3,9,7],[1,0,6,1],[637,6,636,7],[108,541,535,429],[1,6,0,1]];642
218.a1;[1, 0, 0, -2, 4];[[4,3,9,7],[655,6,657,19],[546,769,109,219],[769,6,999,19],[1,6,0,1],[1303,6,1302,7],[3,4,8,11],[1,0,6,1]];1308
218.a2;[1, 0, 0, 18, -104];[[3,4,8,11],[4,3,9,7],[1,0,6,1],[655,6,657,19],[769,6,999,19],[1202,111,991,7],[1303,6,1302,7],[1,6,0,1]];1308
219.b1;[0, 1, 1, -27, -85];[[3,4,8,11],[4,3,9,7],[1,0,6,1],[151,6,15,19],[433,6,432,7],[1,6,0,1],[368,75,1,220]];438
219.b2;[0, 1, 1, 3, 2];[[3,4,8,11],[4,3,9,7],[1,0,6,1],[151,6,15,19],[366,79,295,384],[433,6,432,7],[1,6,0,1]];438
222.e1;[1, 0, 0, -148, -706];[[3,4,8,11],[4,3,9,7],[1,0,6,1],[445,6,447,19],[883,6,882,7],[409,6,339,19],[223,6,0,1],[410,483,1,778],[1,6,0,1]];888
222.e2;[1, 0, 0, 2, -4];[[4,3,9,7],[409,6,339,19],[883,6,882,7],[630,265,595,870],[1,6,0,1],[445,6,447,19],[3,4,8,11],[223,6,0,1],[1,0,6,1]];888
236.b1;[0, 1, 0, -9, 8];[[3,4,8,11],[4,3,9,7],[60,301,295,237],[1,0,6,1],[61,6,183,19],[349,6,348,7],[1,6,0,1]];354
236.b2;[0, 1, 0, 31, 68];[[3,4,8,11],[4,3,9,7],[1,0,6,1],[62,297,187,7],[61,6,183,19],[349,6,348,7],[1,6,0,1]];354
246.d1;[1, 0, 1, -2, 2];[[4,3,9,7],[493,6,495,19],[534,457,331,798],[457,6,387,19],[247,6,0,1],[1,6,0,1],[3,4,8,11],[979,6,978,7],[1,0,6,1]];984
246.d2;[1, 0, 1, 13, -58];[[3,4,8,11],[979,6,978,7],[4,3,9,7],[1,0,6,1],[290,699,1,370],[247,6,0,1],[493,6,495,19],[457,6,387,19],[1,6,0,1]];984
267.b1;[0, 1, 1, -3, 2];[[3,4,8,11],[4,3,9,7],[1,0,6,1],[529,6,528,7],[181,6,9,19],[1,6,0,1],[90,451,181,108]];534
267.b2;[0, 1, 1, 27, -37];[[3,4,8,11],[4,3,9,7],[1,0,6,1],[529,6,528,7],[92,447,1,268],[181,6,9,19],[1,6,0,1]];534
270.a1;[1, -1, 0, -15, 35];[[97,6,51,19],[61,6,63,19],[1,0,6,1],[4,3,9,7],[115,6,114,7],[31,6,0,1],[22,93,119,14],[3,4,8,11],[1,6,0,1]];120
270.a2;[1, -1, 0, 120, -424];[[97,6,51,19],[61,6,63,19],[1,0,6,1],[4,3,9,7],[115,6,114,7],[31,6,0,1],[3,4,8,11],[114,119,77,66],[1,6,0,1]];120
270.b1;[1, -1, 0, -159, 813];[[97,6,51,19],[61,6,63,19],[1,0,6,1],[4,3,9,7],[115,6,114,7],[31,6,0,1],[3,4,8,11],[6,1,43,54],[1,6,0,1]];120
270.b2;[1, -1, 0, 66, 2708];[[97,6,51,19],[61,6,63,19],[1,0,6,1],[4,3,9,7],[115,6,114,7],[31,6,0,1],[3,4,8,11],[114,119,77,66],[1,6,0,1]];120
270.c1;[1, -1, 1, -1433, -20519];[[97,6,51,19],[61,6,63,19],[1,0,6,1],[4,3,9,7],[115,6,114,7],[31,6,0,1],[3,4,8,11],[114,119,77,66],[1,6,0,1]];120
270.c2;[1, -1, 1, 7, -103];[[97,6,51,19],[61,6,63,19],[1,0,6,1],[4,3,9,7],[115,6,114,7],[31,6,0,1],[3,4,8,11],[6,1,43,54],[1,6,0,1]];120
270.d1;[1, -1, 1, -2, -1];[[98,27,1,106],[97,6,51,19],[61,6,63,19],[1,0,6,1],[4,3,9,7],[115,6,114,7],[31,6,0,1],[3,4,8,11],[1,6,0,1]];120
270.d2;[1, -1, 1, 13, 11];[[97,6,51,19],[61,6,63,19],[1,0,6,1],[4,3,9,7],[115,6,114,7],[31,6,0,1],[3,4,8,11],[6,1,43,54],[1,6,0,1]];120
286.a1;[1, 0, 1, -7, 42];[[2641,6,1059,19],[4,3,9,7],[2718,721,3289,3147],[1717,6,1719,19],[937,6,2811,19],[2575,6,0,1],[3427,6,3426,7],[1,6,0,1],[3,4,8,11],[1,0,6,1]];3432
286.a2;[1, 0, 1, 58, -1128];[[2641,6,1059,19],[4,3,9,7],[146,3291,439,1723],[1717,6,1719,19],[937,6,2811,19],[2575,6,0,1],[3427,6,3426,7],[1,6,0,1],[3,4,8,11],[1,0,6,1]];3432
294.a1;[1, 1, 0, -34864, 2503936];[[1,0,6,1],[4,3,9,7],[95,0,0,167],[127,126,0,1],[163,6,162,7],[3,4,8,11],[50,147,49,106],[85,126,63,43],[1,6,0,1]];168
294.a2;[1, 1, 0, 1151, 18901];[[4,3,9,7],[163,6,162,7],[1,6,0,1],[78,49,91,78],[1,0,6,1],[95,0,0,167],[85,126,63,43],[127,126,0,1],[3,4,8,11]];168
294.d1;[1, 0, 1, -712, -7402];[[19,6,18,7],[1,0,6,1],[13,6,15,19],[4,3,9,7],[3,4,8,11],[2,3,1,10],[7,6,0,1],[1,6,0,1]];24
294.d2;[1, 0, 1, 23, -52];[[19,6,18,7],[1,0,6,1],[13,6,15,19],[4,3,9,7],[3,4,8,11],[7,6,0,1],[1,6,0,1],[6,1,19,6]];24
318.c1;[1, 0, 1, -61, 176];[[3,4,8,11],[4,3,9,7],[1009,6,483,19],[1,0,6,1],[319,6,0,1],[1267,6,1266,7],[637,6,639,19],[54,1225,427,390],[1,6,0,1]];1272
318.c2;[1, 0, 1, 44, 722];[[4,3,9,7],[319,6,0,1],[1010,267,1,1114],[1267,6,1266,7],[1,6,0,1],[3,4,8,11],[1009,6,483,19],[637,6,639,19],[1,0,6,1]];1272
325.b1;[0, -1, 1, -53, -132];[[81,2,10,7],[4,3,9,7],[301,6,123,19],[1,6,0,1],[3,4,8,11],[68,327,205,7],[385,6,384,7],[1,0,6,1]];390
325.b2;[0, -1, 1, -3, 3];[[81,2,10,7],[4,3,9,7],[66,331,325,261],[301,6,123,19],[1,6,0,1],[3,4,8,11],[385,6,384,7],[1,0,6,1]];390
325.c1;[0, 1, 1, -1333, -19131];[[67,6,45,19],[1,0,6,1],[4,3,9,7],[73,6,72,7],[3,4,8,11],[1,6,0,1],[75,76,68,71],[68,15,49,7]];78
325.c2;[0, 1, 1, -83, 244];[[67,6,45,19],[1,0,6,1],[4,3,9,7],[73,6,72,7],[3,4,8,11],[1,6,0,1],[75,76,68,71],[66,19,13,27]];78
350.a1;[1, 1, 0, -45, -185];[[98,27,55,67],[51,2,10,7],[61,6,63,19],[1,0,6,1],[4,3,9,7],[115,6,114,7],[3,4,8,11],[31,6,93,19],[1,6,0,1]];120
350.a2;[1, 1, 0, 5, 5];[[4,3,9,7],[31,6,93,19],[6,1,25,51],[1,6,0,1],[1,0,6,1],[51,2,10,7],[115,6,114,7],[3,4,8,11],[61,6,63,19]];120
350.e1;[1, 0, 0, -1138, -20858];[[2,3,7,19],[4,3,9,7],[1,6,0,1],[21,22,14,17],[1,0,6,1],[13,6,15,19],[7,6,21,19],[3,4,8,11],[19,6,18,7]];24
350.e2;[1, 0, 0, 112, 392];[[4,3,9,7],[1,6,0,1],[21,22,14,17],[1,0,6,1],[6,1,1,3],[7,6,21,19],[13,6,15,19],[3,4,8,11],[19,6,18,7]];24
354.c1;[1, 0, 1, -216, -1250];[[4,3,9,7],[769,6,891,19],[770,651,895,715],[1411,6,1410,7],[1,6,0,1],[709,6,711,19],[3,4,8,11],[1063,6,0,1],[1,0,6,1]];1416
354.c2;[1, 0, 1, 9, -8];[[4,3,9,7],[769,6,891,19],[1411,6,1410,7],[414,1009,649,1299],[1,6,0,1],[709,6,711,19],[3,4,8,11],[1063,6,0,1],[1,0,6,1]];1416
355.a1;[0, 1, 1, -95, -396];[[3,4,8,11],[4,3,9,7],[1,0,6,1],[2125,6,2124,7],[1711,6,873,19],[1778,357,1075,7],[427,6,1281,19],[1,6,0,1]];2130
355.a2;[0, 1, 1, 5, -1];[[3,4,8,11],[4,3,9,7],[1,0,6,1],[2125,6,2124,7],[1711,6,873,19],[1776,361,355,711],[427,6,1281,19],[1,6,0,1]];2130
358.b1;[1, 0, 0, -18, 28];[[4,3,9,7],[2149,6,2151,19],[3223,6,0,1],[1254,3049,1969,3939],[2329,6,2691,19],[1,6,0,1],[3,4,8,11],[4291,6,4290,7],[1,0,6,1]];4296
358.b2;[1, 0, 0, 32, 150];[[3,4,8,11],[4,3,9,7],[1,0,6,1],[4291,6,4290,7],[2329,6,2691,19],[3223,6,0,1],[2149,6,2151,19],[2330,1971,2695,2155],[1,6,0,1]];4296
366.b1;[1, 0, 1, -5, 20];[[4,3,9,7],[673,6,555,19],[367,6,369,19],[306,433,61,123],[1,6,0,1],[3,4,8,11],[1,0,6,1],[727,6,726,7]];732
366.b2;[1, 0, 1, 40, -538];[[4,3,9,7],[673,6,555,19],[367,6,369,19],[1,6,0,1],[3,4,8,11],[674,63,559,7],[1,0,6,1],[727,6,726,7]];732
368.b1;[0, -1, 0, -18, 43];[[4,3,9,7],[97,6,15,19],[137,0,0,275],[143,270,144,269],[250,159,197,269],[271,6,270,7],[1,6,0,1],[3,4,8,11],[1,0,6,1]];276
368.b2;[0, -1, 0, 2, -1];[[137,0,0,275],[271,6,270,7],[3,4,8,11],[4,3,9,7],[1,0,6,1],[143,270,144,269],[24,121,115,93],[97,6,15,19],[1,6,0,1]];276
372.d1;[0, 1, 0, -250914, -48460347];[[158,33,103,7],[1,0,6,1],[181,6,180,7],[4,3,9,7],[3,4,8,11],[127,6,9,19],[1,6,0,1]];186
372.d2;[0, 1, 0, -3054, -69327];[[1,0,6,1],[181,6,180,7],[4,3,9,7],[156,37,31,63],[3,4,8,11],[127,6,9,19],[1,6,0,1]];186
396.c1;[0, 0, 0, -696, 7108];[[4,3,9,7],[61,6,60,7],[1,6,0,1],[52,9,23,59],[13,6,39,19],[1,0,6,1],[3,4,8,11]];66
396.c2;[0, 0, 0, 24, 52];[[61,6,60,7],[1,0,6,1],[4,3,9,7],[3,4,8,11],[54,5,11,21],[1,6,0,1],[13,6,39,19]];66
404.a1;[0, 1, 0, -229, -1161];[[3,4,8,11],[4,3,9,7],[104,507,313,7],[1,0,6,1],[601,6,600,7],[103,6,309,19],[1,6,0,1]];606
404.a2;[0, 1, 0, -69, 199];[[3,4,8,11],[4,3,9,7],[102,511,505,405],[1,0,6,1],[601,6,600,7],[103,6,309,19],[1,6,0,1]];606
405.c1;[0, 0, 1, -108, -412];[[24,29,5,9],[1,0,6,1],[4,3,9,7],[7,6,21,19],[25,6,24,7],[3,4,8,11],[1,6,0,1]];30
405.c2;[0, 0, 1, -18, 29];[[6,1,25,21],[1,0,6,1],[4,3,9,7],[7,6,21,19],[25,6,24,7],[3,4,8,11],[1,6,0,1]];30
405.d1;[0, 0, 1, -162, -790];[[24,29,5,9],[1,0,6,1],[4,3,9,7],[7,6,21,19],[25,6,24,7],[3,4,8,11],[1,6,0,1]];30
405.d2;[0, 0, 1, -12, 15];[[6,1,25,21],[1,0,6,1],[4,3,9,7],[7,6,21,19],[25,6,24,7],[3,4,8,11],[1,6,0,1]];30
406.b1;[1, 0, 1, -15, 210];[[205,6,267,19],[4,3,9,7],[343,6,342,7],[30,325,145,291],[175,6,177,19],[1,6,0,1],[3,4,8,11],[1,0,6,1]];348
406.b2;[1, 0, 1, 130, -5648];[[205,6,267,19],[4,3,9,7],[343,6,342,7],[206,147,271,7],[175,6,177,19],[1,6,0,1],[3,4,8,11],[1,0,6,1]];348
426.b1;[1, 0, 1, -23007, 1341682];[[1699,6,1698,7],[4,3,9,7],[433,6,1299,19],[1350,361,571,942],[853,6,855,19],[1,6,0,1],[3,4,8,11],[1279,6,429,19],[1,0,6,1]];1704
426.b2;[1, 0, 1, 14658, 5154352];[[1699,6,1698,7],[4,3,9,7],[433,6,1299,19],[853,6,855,19],[1,6,0,1],[74,1635,1,1066],[3,4,8,11],[1279,6,429,19],[1,0,6,1]];1704
435.c1;[0, 1, 1, -11, 11];[[726,151,583,744],[4,3,9,7],[865,6,864,7],[697,6,351,19],[31,6,93,19],[1,6,0,1],[3,4,8,11],[1,0,6,1]];870
435.c2;[0, 1, 1, 49, 80];[[4,3,9,7],[865,6,864,7],[697,6,351,19],[728,147,1,436],[31,6,93,19],[1,6,0,1],[3,4,8,11],[1,0,6,1]];870
459.d1;[0, 0, 1, -54, 155];[[37,6,9,19],[82,15,101,50],[1,0,6,1],[4,3,9,7],[3,4,8,11],[97,6,96,7],[1,6,0,1]];102
459.d2;[0, 0, 1, 216, 722];[[37,6,9,19],[1,0,6,1],[4,3,9,7],[3,4,8,11],[84,11,65,66],[97,6,96,7],[1,6,0,1]];102
459.e1;[0, 0, 1, -6, -6];[[37,6,9,19],[1,0,6,1],[4,3,9,7],[3,4,8,11],[20,87,1,52],[97,6,96,7],[1,6,0,1]];102
459.e2;[0, 0, 1, 24, -27];[[37,6,9,19],[1,0,6,1],[4,3,9,7],[3,4,8,11],[18,91,37,36],[97,6,96,7],[1,6,0,1]];102
460.c1;[0, 1, 0, -46, 529];[[1,0,6,1],[4,3,9,7],[97,6,15,19],[3,4,8,11],[1,6,0,1],[133,6,132,7],[24,121,115,93]];138
460.c2;[0, 1, 0, 414, -13915];[[1,0,6,1],[4,3,9,7],[97,6,15,19],[3,4,8,11],[26,117,79,7],[1,6,0,1],[133,6,132,7]];138
464.c1;[0, -1, 0, -4, -4];[[205,6,267,19],[4,3,9,7],[173,342,171,329],[343,6,342,7],[30,325,145,291],[1,6,0,1],[3,4,8,11],[1,0,6,1]];348
464.c2;[0, -1, 0, 36, 76];[[205,6,267,19],[4,3,9,7],[173,342,171,329],[343,6,342,7],[206,147,271,7],[1,6,0,1],[3,4,8,11],[1,0,6,1]];348
466.b1;[1, 0, 0, -23, 41];[[4,3,9,7],[1399,6,1401,19],[1,6,0,1],[469,6,1407,19],[2791,6,2790,7],[3,4,8,11],[234,2569,1165,2331],[1,0,6,1]];2796
466.b2;[1, 0, 0, 77, 229];[[4,3,9,7],[1634,1167,2107,7],[1399,6,1401,19],[1,6,0,1],[469,6,1407,19],[2791,6,2790,7],[3,4,8,11],[1,0,6,1]];2796
470.c1;[1, 0, 1, -6348, 132618];[[3,4,8,11],[4,3,9,7],[2815,6,2814,7],[1,0,6,1],[1178,1647,715,7],[1321,6,1143,19],[1411,6,1413,19],[2257,6,1131,19],[1,6,0,1]];2820
470.c2;[1, 0, 1, -5773, 168328];[[4,3,9,7],[1411,6,1413,19],[2815,6,2814,7],[2257,6,1131,19],[1,6,0,1],[3,4,8,11],[1321,6,1143,19],[1,0,6,1],[2586,241,1645,471]];2820
470.f1;[1, 0, 0, -176, -844];[[3,4,8,11],[4,3,9,7],[2815,6,2814,7],[1,0,6,1],[1178,1647,715,7],[1321,6,1143,19],[1411,6,1413,19],[2257,6,1131,19],[1,6,0,1]];2820
470.f2;[1, 0, 0, -36, 80];[[4,3,9,7],[1411,6,1413,19],[2815,6,2814,7],[2257,6,1131,19],[1,6,0,1],[3,4,8,11],[1321,6,1143,19],[1,0,6,1],[2586,241,1645,471]];2820
484.a1;[0, 1, 0, -9357, 347279];[[4,3,9,7],[61,6,60,7],[1,6,0,1],[1,0,6,1],[53,60,27,47],[3,4,8,11],[14,57,43,7]];66
484.a2;[0, 1, 0, 323, 2671];[[61,6,60,7],[1,0,6,1],[4,3,9,7],[3,4,8,11],[12,61,55,45],[1,6,0,1],[53,60,27,47]];66
486.a1;[1, -1, 0, -96, 386];[[4,3,9,7],[1,6,0,1],[22,21,23,14],[1,0,6,1],[13,6,15,19],[7,6,21,19],[3,4,8,11],[19,6,18,7]];24
486.a2;[1, -1, 0, -6, -4];[[4,3,9,7],[2,3,1,10],[1,6,0,1],[1,0,6,1],[13,6,15,19],[7,6,21,19],[3,4,8,11],[19,6,18,7]];24
486.f1;[1, -1, 1, -56, 163];[[4,3,9,7],[1,6,0,1],[22,21,23,14],[1,0,6,1],[13,6,15,19],[7,6,21,19],[3,4,8,11],[19,6,18,7]];24
486.f2;[1, -1, 1, -11, -11];[[4,3,9,7],[2,3,1,10],[1,6,0,1],[1,0,6,1],[13,6,15,19],[7,6,21,19],[3,4,8,11],[19,6,18,7]];24
490.a1;[1, 0, 1, -7768, -458202];[[98,27,55,67],[97,6,51,19],[61,6,63,19],[1,0,6,1],[4,3,9,7],[115,6,114,7],[3,4,8,11],[31,6,93,19],[117,118,110,113],[1,6,0,1]];120
490.a2;[1, 0, 1, 807, 11708];[[97,6,51,19],[61,6,63,19],[1,0,6,1],[4,3,9,7],[115,6,114,7],[6,1,25,51],[3,4,8,11],[31,6,93,19],[117,118,110,113],[1,6,0,1]];120
490.b1;[1, 1, 0, -32, 64];[[38,387,115,7],[415,6,414,7],[4,3,9,7],[337,6,171,19],[211,6,213,19],[303,2,310,7],[1,6,0,1],[3,4,8,11],[1,0,6,1]];420
490.b2;[1, 1, 0, 3, 1];[[415,6,414,7],[4,3,9,7],[337,6,171,19],[211,6,213,19],[246,181,385,351],[303,2,310,7],[1,6,0,1],[3,4,8,11],[1,0,6,1]];420
490.c1;[1, 0, 1, -1594, -26708];[[37,6,51,19],[1,0,6,1],[38,27,55,7],[4,3,9,7],[3,4,8,11],[31,6,33,19],[55,6,54,7],[57,58,50,53],[1,6,0,1]];60
490.c2;[1, 0, 1, 121, 46];[[37,6,51,19],[1,0,6,1],[4,3,9,7],[6,1,25,51],[3,4,8,11],[31,6,33,19],[55,6,54,7],[57,58,50,53],[1,6,0,1]];60
490.d1;[1, 1, 0, -158, 1268];[[4,3,9,7],[631,6,213,19],[835,6,834,7],[337,6,171,19],[421,6,423,19],[1,6,0,1],[723,2,730,7],[3,4,8,11],[1,0,6,1],[458,387,535,427]];840
490.d2;[1, 1, 0, 17, -27];[[4,3,9,7],[631,6,213,19],[835,6,834,7],[337,6,171,19],[246,601,385,771],[421,6,423,19],[1,6,0,1],[723,2,730,7],[3,4,8,11],[1,0,6,1]];840
490.g1;[1, 0, 0, -491, -4229];[[97,6,51,19],[98,27,55,67],[61,6,63,19],[1,0,6,1],[4,3,9,7],[115,6,114,7],[3,4,8,11],[31,6,93,19],[1,6,0,1]];120
490.g2;[1, 0, 0, -1, -15];[[97,6,51,19],[61,6,63,19],[1,0,6,1],[4,3,9,7],[115,6,114,7],[6,1,25,51],[3,4,8,11],[31,6,93,19],[1,6,0,1]];120
490.j1;[1, 1, 1, -24060, 1426487];[[4,3,9,7],[835,6,834,7],[218,147,175,547],[421,126,63,379],[599,0,0,839],[337,126,651,379],[1,6,0,1],[3,4,8,11],[631,126,693,379],[1,0,6,1]];840
490.j2;[1, 1, 1, -50, 5095];[[4,3,9,7],[835,6,834,7],[421,126,63,379],[246,721,385,771],[599,0,0,839],[337,126,651,379],[1,6,0,1],[3,4,8,11],[631,126,693,379],[1,0,6,1]];840
496.d1;[0, -1, 0, -2, -1];[[245,366,363,353],[4,3,9,7],[191,366,192,365],[185,0,0,371],[156,37,31,63],[367,6,366,7],[1,6,0,1],[3,4,8,11],[1,0,6,1]];372
496.d2;[0, -1, 0, 18, 11];[[245,366,363,353],[4,3,9,7],[191,366,192,365],[185,0,0,371],[367,6,366,7],[214,339,269,365],[1,6,0,1],[3,4,8,11],[1,0,6,1]];372
506.b1;[1, 0, 1, -397, -3072];[[3313,6,3867,19],[4,3,9,7],[3961,6,5811,19],[1519,6,0,1],[2786,3291,2287,3043],[1,6,0,1],[6067,6,6066,7],[3,4,8,11],[3037,6,3039,19],[1,0,6,1]];6072
506.b2;[1, 0, 1, -12, 8];[[3313,6,3867,19],[4,3,9,7],[3961,6,5811,19],[4302,1777,3289,507],[1519,6,0,1],[1,6,0,1],[6067,6,6066,7],[3,4,8,11],[3037,6,3039,19],[1,0,6,1]];6072
516.d1;[0, 1, 0, -7604, -257772];[[4,3,9,7],[433,6,267,19],[218,303,1,130],[1,6,0,1],[3,4,8,11],[511,6,510,7],[259,6,261,19],[1,0,6,1]];516
516.d2;[0, 1, 0, -44, -732];[[4,3,9,7],[433,6,267,19],[1,6,0,1],[3,4,8,11],[474,49,175,234],[511,6,510,7],[259,6,261,19],[1,0,6,1]];516
522.a1;[1, -1, 0, -1311, -17947];[[4,3,9,7],[175,6,0,1],[691,6,690,7],[666,23,461,474],[1,6,0,1],[3,4,8,11],[349,6,351,19],[553,6,267,19],[1,0,6,1]];696
522.a2;[1, -1, 0, -6, -54];[[349,6,351,19],[3,4,8,11],[4,3,9,7],[175,6,0,1],[1,0,6,1],[553,6,267,19],[691,6,690,7],[30,673,235,222],[1,6,0,1]];696
522.l1;[1, -1, 1, -146, 713];[[349,6,351,19],[3,4,8,11],[4,3,9,7],[175,6,0,1],[1,0,6,1],[553,6,267,19],[691,6,690,7],[30,673,235,222],[1,6,0,1]];696
522.l2;[1, -1, 1, -56, 1513];[[4,3,9,7],[175,6,0,1],[691,6,690,7],[666,23,461,474],[1,6,0,1],[3,4,8,11],[349,6,351,19],[553,6,267,19],[1,0,6,1]];696
522.m1;[1, -1, 1, -69341, -33115291];[[4,3,9,7],[175,6,0,1],[691,6,690,7],[666,23,461,474],[1,6,0,1],[3,4,8,11],[349,6,351,19],[553,6,267,19],[1,0,6,1]];696
522.m2;[1, -1, 1, 619564, 858878903];[[142,549,695,86],[4,3,9,7],[175,6,0,1],[691,6,690,7],[1,6,0,1],[3,4,8,11],[349,6,351,19],[553,6,267,19],[1,0,6,1]];696
530.c1;[1, 0, 1, -2929, -61244];[[4,3,9,7],[374,267,487,7],[631,6,630,7],[1,6,0,1],[3,4,8,11],[319,6,321,19],[373,6,483,19],[1,0,6,1]];636
530.c2;[1, 0, 1, -14, -188];[[4,3,9,7],[54,589,265,531],[631,6,630,7],[1,6,0,1],[3,4,8,11],[319,6,321,19],[373,6,483,19],[1,0,6,1]];636
537.b1;[0, 1, 1, -167, -958];[[3,4,8,11],[4,3,9,7],[1,0,6,1],[1069,6,1068,7],[182,897,547,7],[181,6,543,19],[1,6,0,1]];1074
537.b2;[0, 1, 1, 13, 5];[[3,4,8,11],[4,3,9,7],[1,0,6,1],[1069,6,1068,7],[181,6,543,19],[180,901,895,717],[1,6,0,1]];1074
540.a1;[0, 0, 0, -513, -4563];[[1,0,6,1],[4,3,9,7],[7,6,21,19],[25,6,24,7],[3,4,8,11],[24,29,17,6],[1,6,0,1]];30
540.a2;[0, 0, 0, 27, -27];[[1,0,6,1],[4,3,9,7],[7,6,21,19],[25,6,24,7],[3,4,8,11],[22,3,29,14],[1,6,0,1]];30
540.b1;[0, 0, 0, -648, 6372];[[4,3,5,2],[4,3,3,1],[3,4,2,5]];6
540.b2;[0, 0, 0, 1512, 33588];[[0,5,5,0],[4,3,3,1],[3,4,2,5]];6
540.c1;[0, 0, 0, -33, 73];[[6,1,13,24],[1,0,6,1],[4,3,9,7],[7,6,21,19],[25,6,24,7],[3,4,8,11],[1,6,0,1]];30
540.c2;[0, 0, 0, 27, 297];[[1,0,6,1],[4,3,9,7],[7,6,21,19],[25,6,24,7],[3,4,8,11],[24,29,17,6],[1,6,0,1]];30
540.d1;[0, 0, 0, -57, 169];[[6,1,13,24],[1,0,6,1],[4,3,9,7],[7,6,21,19],[25,6,24,7],[3,4,8,11],[1,6,0,1]];30
540.d2;[0, 0, 0, 3, 1];[[1,0,6,1],[4,3,9,7],[7,6,21,19],[25,6,24,7],[3,4,8,11],[1,6,0,1],[8,27,1,16]];30
540.e1;[0, 0, 0, -72, -236];[[2,3,1,4],[4,3,3,1],[3,4,2,5]];6
540.e2;[0, 0, 0, 168, -1244];[[0,1,1,0],[4,3,3,1],[3,4,2,5]];6
540.f1;[0, 0, 0, -297, -1971];[[1,0,6,1],[4,3,9,7],[7,6,21,19],[25,6,24,7],[3,4,8,11],[24,29,17,6],[1,6,0,1]];30
540.f2;[0, 0, 0, 3, -11];[[6,1,13,24],[1,0,6,1],[4,3,9,7],[7,6,21,19],[25,6,24,7],[3,4,8,11],[1,6,0,1]];30
550.a1;[1, 0, 1, -576, -6202];[[199,6,0,1],[4,3,9,7],[259,6,258,7],[261,262,254,257],[145,6,171,19],[133,6,135,19],[1,6,0,1],[146,123,175,139],[3,4,8,11],[1,0,6,1]];264
550.a2;[1, 0, 1, 49, 48];[[199,6,0,1],[4,3,9,7],[259,6,258,7],[261,262,254,257],[145,6,171,19],[133,6,135,19],[78,193,121,243],[1,6,0,1],[3,4,8,11],[1,0,6,1]];264
550.d1;[1, 1, 0, -25, 125];[[4,3,9,7],[606,721,385,771],[991,6,0,1],[1315,6,1314,7],[661,6,663,19],[1201,6,963,19],[263,1314,789,1301],[1,6,0,1],[3,4,8,11],[1,0,6,1]];1320
550.d2;[1, 1, 0, 225, -3125];[[4,3,9,7],[991,6,0,1],[1315,6,1314,7],[661,6,663,19],[1201,6,963,19],[263,1314,789,1301],[1,6,0,1],[3,4,8,11],[938,387,175,667],[1,0,6,1]];1320
550.i1;[1, 1, 1, -2213, 39531];[[4,3,9,7],[606,721,385,771],[991,6,0,1],[1315,6,1314,7],[661,6,663,19],[1201,6,963,19],[263,1314,789,1301],[1,6,0,1],[3,4,8,11],[1,0,6,1]];1320
550.i2;[1, 1, 1, 7412, 212781];[[4,3,9,7],[991,6,0,1],[1315,6,1314,7],[661,6,663,19],[1201,6,963,19],[263,1314,789,1301],[1,6,0,1],[3,4,8,11],[938,387,175,667],[1,0,6,1]];1320
550.m1;[1, 1, 1, -23, -59];[[4,3,9,7],[991,6,0,1],[1315,6,1314,7],[531,2,10,7],[661,6,663,19],[1201,6,963,19],[1,6,0,1],[3,4,8,11],[938,387,175,667],[1,0,6,1]];1320
550.m2;[1, 1, 1, 2, 1];[[4,3,9,7],[606,721,385,771],[991,6,0,1],[1315,6,1314,7],[531,2,10,7],[661,6,663,19],[1201,6,963,19],[1,6,0,1],[3,4,8,11],[1,0,6,1]];1320
555.b1;[0, 1, 1, -196805, -33670564];[[4,3,9,7],[1105,6,1104,7],[667,6,891,19],[188,927,1,556],[1,6,0,1],[3,4,8,11],[631,6,783,19],[1,0,6,1]];1110
555.b2;[0, 1, 1, -2405, -47869];[[4,3,9,7],[1105,6,1104,7],[667,6,891,19],[1,6,0,1],[3,4,8,11],[186,931,373,204],[631,6,783,19],[1,0,6,1]];1110
558.d1;[1, -1, 0, -48, 288];[[4,3,9,7],[373,6,375,19],[1,6,0,1],[559,6,189,19],[739,6,738,7],[3,4,8,11],[342,409,499,174],[1,0,6,1],[313,6,195,19]];744
558.d2;[1, -1, 0, 417, -6067];[[402,335,245,570],[4,3,9,7],[373,6,375,19],[1,6,0,1],[559,6,189,19],[739,6,738,7],[3,4,8,11],[1,0,6,1],[313,6,195,19]];744
558.e1;[1, -1, 1, -434, -7343];[[402,335,245,570],[4,3,9,7],[373,6,375,19],[1,6,0,1],[559,6,189,19],[739,6,738,7],[3,4,8,11],[1,0,6,1],[313,6,195,19]];744
558.e2;[1, -1, 1, 46, 209];[[4,3,9,7],[373,6,375,19],[1,6,0,1],[559,6,189,19],[739,6,738,7],[3,4,8,11],[342,409,499,174],[1,0,6,1],[313,6,195,19]];744
560.c1;[0, -1, 0, -805, 9065];[[215,414,216,413],[3,4,8,11],[4,3,9,7],[1,0,6,1],[293,414,249,401],[389,414,327,401],[382,243,305,413],[209,0,0,419],[415,6,414,7],[1,6,0,1]];420
560.c2;[0, -1, 0, -5, 25];[[215,414,216,413],[3,4,8,11],[4,3,9,7],[36,181,175,141],[1,0,6,1],[293,414,249,401],[389,414,327,401],[209,0,0,419],[415,6,414,7],[1,6,0,1]];420
564.b1;[0, 1, 0, -517, -4681];[[4,3,9,7],[193,6,15,19],[50,237,1,142],[277,6,276,7],[1,6,0,1],[3,4,8,11],[1,0,6,1]];282
564.b2;[0, 1, 0, -37, 71];[[3,4,8,11],[4,3,9,7],[193,6,15,19],[1,0,6,1],[48,241,97,66],[277,6,276,7],[1,6,0,1]];282
572.a1;[0, 1, 0, -1669, -27401];[[4,3,9,7],[61,6,60,7],[1,6,0,1],[1,0,6,1],[13,6,39,19],[3,4,8,11],[14,57,43,7]];66
572.a2;[0, 1, 0, 91, -121];[[61,6,60,7],[1,0,6,1],[4,3,9,7],[3,4,8,11],[12,61,55,45],[1,6,0,1],[13,6,39,19]];66
574.c1;[1, 0, 1, -2335, -43598];[[5377,6,2355,19],[3937,6,4923,19],[4,3,9,7],[5167,6,1725,19],[290,6603,871,3451],[6883,6,6882,7],[1,6,0,1],[3445,6,3447,19],[3,4,8,11],[1,0,6,1]];6888
574.c2;[1, 0, 1, -80, 190];[[5377,6,2355,19],[3937,6,4923,19],[4,3,9,7],[5167,6,1725,19],[5454,1441,6601,6315],[6883,6,6882,7],[1,6,0,1],[3445,6,3447,19],[3,4,8,11],[1,0,6,1]];6888
585.e1;[0, 0, 1, -378, -2842];[[385,6,384,7],[3,4,8,11],[4,3,9,7],[1,0,6,1],[157,6,81,19],[324,59,257,306],[301,6,123,19],[1,6,0,1]];390
585.e2;[0, 0, 1, 12, -21];[[385,6,384,7],[3,4,8,11],[4,3,9,7],[66,331,133,84],[1,0,6,1],[157,6,81,19],[301,6,123,19],[1,6,0,1]];390
585.f1;[0, 0, 1, -42, 105];[[385,6,384,7],[3,4,8,11],[4,3,9,7],[66,331,133,84],[1,0,6,1],[157,6,81,19],[301,6,123,19],[1,6,0,1]];390
585.f2;[0, 0, 1, 108, 560];[[385,6,384,7],[3,4,8,11],[4,3,9,7],[1,0,6,1],[157,6,81,19],[324,59,257,306],[301,6,123,19],[1,6,0,1]];390
590.a1;[1, 0, 1, -1909, -36168];[[4,3,9,7],[769,6,891,19],[770,651,895,715],[1411,6,1410,7],[1,6,0,1],[709,6,711,19],[3,4,8,11],[1063,6,0,1],[1,0,6,1]];1416
590.a2;[1, 0, 1, 156, 176];[[4,3,9,7],[769,6,891,19],[1411,6,1410,7],[414,1009,649,1299],[1,6,0,1],[709,6,711,19],[3,4,8,11],[1063,6,0,1],[1,0,6,1]];1416
594.a1;[1, -1, 0, -4146, 103796];[[3,4,8,11],[4,3,9,7],[1,0,6,1],[199,6,69,19],[133,6,135,19],[118,141,263,230],[259,6,258,7],[145,6,171,19],[1,6,0,1]];264
594.a2;[1, -1, 0, -3201, 151613];[[3,4,8,11],[4,3,9,7],[1,0,6,1],[199,6,69,19],[186,71,173,234],[133,6,135,19],[259,6,258,7],[145,6,171,19],[1,6,0,1]];264
594.h1;[1, -1, 1, -461, -3691];[[3,4,8,11],[4,3,9,7],[1,0,6,1],[199,6,69,19],[133,6,135,19],[259,6,258,7],[145,6,171,19],[146,123,1,34],[1,6,0,1]];264
594.h2;[1, -1, 1, -356, -5497];[[3,4,8,11],[4,3,9,7],[1,0,6,1],[199,6,69,19],[78,193,91,30],[133,6,135,19],[259,6,258,7],[145,6,171,19],[1,6,0,1]];264
612.a1;[0, 0, 0, -4104, -101196];[[37,6,9,19],[1,0,6,1],[4,3,9,7],[3,4,8,11],[84,11,65,66],[97,6,96,7],[1,6,0,1]];102
612.a2;[0, 0, 0, -24, -284];[[37,6,9,19],[1,0,6,1],[4,3,9,7],[3,4,8,11],[18,91,37,36],[97,6,96,7],[1,6,0,1]];102
612.d1;[0, 0, 0, -456, 3748];[[37,6,9,19],[1,0,6,1],[4,3,9,7],[3,4,8,11],[18,91,37,36],[97,6,96,7],[1,6,0,1]];102
612.d2;[0, 0, 0, -216, 7668];[[37,6,9,19],[1,0,6,1],[4,3,9,7],[3,4,8,11],[84,11,65,66],[97,6,96,7],[1,6,0,1]];102
614.a1;[1, 0, 0, -373, -2991];[[4,3,9,7],[1837,6,1836,7],[1538,309,931,7],[1,6,0,1],[619,6,15,19],[3,4,8,11],[1,0,6,1]];1842
614.a2;[1, 0, 0, 27, 1];[[4,3,9,7],[1536,313,307,615],[1837,6,1836,7],[1,6,0,1],[619,6,15,19],[3,4,8,11],[1,0,6,1]];1842
618.c1;[1, 0, 1, -20330, -1118500];[[4,3,9,7],[1231,6,1230,7],[829,6,15,19],[518,723,1,310],[1,6,0,1],[619,6,621,19],[3,4,8,11],[1,0,6,1]];1236
618.c2;[1, 0, 1, 325, -7018];[[3,4,8,11],[4,3,9,7],[619,6,621,19],[1,0,6,1],[1134,109,415,534],[1231,6,1230,7],[829,6,15,19],[1,6,0,1]];1236
618.d1;[1, 0, 1, -21, 34];[[4,3,9,7],[1134,1345,1651,534],[1855,6,621,19],[1237,6,1239,19],[2467,6,2466,7],[1,6,0,1],[3,4,8,11],[2065,6,1251,19],[1,0,6,1]];2472
618.d2;[1, 0, 1, 54, 196];[[4,3,9,7],[1754,723,1,1546],[1855,6,621,19],[1237,6,1239,19],[2467,6,2466,7],[1,6,0,1],[3,4,8,11],[2065,6,1251,19],[1,0,6,1]];2472
620.c1;[0, 1, 0, -101, 359];[[4,3,9,7],[925,6,924,7],[871,6,753,19],[156,781,775,621],[1,6,0,1],[3,4,8,11],[187,6,561,19],[1,0,6,1]];930
620.c2;[0, 1, 0, 59, 1495];[[3,4,8,11],[4,3,9,7],[1,0,6,1],[925,6,924,7],[187,6,561,19],[871,6,753,19],[158,777,475,7],[1,6,0,1]];930
627.a1;[0, 1, 1, -30063, -2016358];[[4,3,9,7],[1123,6,861,19],[212,1047,1,628],[343,6,1029,19],[1,6,0,1],[3,4,8,11],[1249,6,1248,7],[1,0,6,1]];1254
627.a2;[0, 1, 1, -363, -2995];[[4,3,9,7],[210,1051,421,228],[1123,6,861,19],[343,6,1029,19],[1,6,0,1],[3,4,8,11],[1249,6,1248,7],[1,0,6,1]];1254
635.b1;[0, 1, 1, -45, -209];[[4,3,9,7],[3805,6,3804,7],[511,6,1533,19],[2287,6,3051,19],[1,6,0,1],[3,4,8,11],[638,3177,1915,7],[1,0,6,1]];3810
635.b2;[0, 1, 1, 5, 6];[[3,4,8,11],[4,3,9,7],[1,0,6,1],[636,3181,3175,2541],[3805,6,3804,7],[2287,6,3051,19],[511,6,1533,19],[1,6,0,1]];3810
642.b1;[1, 0, 1, -4315, -109978];[[2563,6,2562,7],[4,3,9,7],[1927,6,0,1],[1394,1179,1615,1291],[1,6,0,1],[3,4,8,11],[1393,6,1611,19],[1285,6,1287,19],[1,0,6,1]];2568
642.b2;[1, 0, 1, 140, -790];[[2563,6,2562,7],[4,3,9,7],[1927,6,0,1],[1,6,0,1],[750,1825,1177,2355],[3,4,8,11],[1393,6,1611,19],[1285,6,1287,19],[1,0,6,1]];2568
650.b1;[1, 0, 1, -26, 48];[[79,6,81,19],[1,0,6,1],[4,3,9,7],[66,97,13,27],[3,4,8,11],[145,6,123,19],[151,6,150,7],[1,6,0,1]];156
650.b2;[1, 0, 1, 99, 248];[[79,6,81,19],[1,0,6,1],[4,3,9,7],[146,15,127,7],[3,4,8,11],[145,6,123,19],[151,6,150,7],[1,6,0,1]];156
650.f1;[1, 1, 0, -11330, -468940];[[4,3,9,7],[775,6,774,7],[458,327,595,7],[301,6,123,19],[471,2,10,7],[391,6,393,19],[1,6,0,1],[3,4,8,11],[1,0,6,1]];780
650.f2;[1, 1, 0, -130, -780];[[4,3,9,7],[66,721,325,651],[775,6,774,7],[301,6,123,19],[471,2,10,7],[391,6,393,19],[1,6,0,1],[3,4,8,11],[1,0,6,1]];780
650.h1;[1, 0, 0, -283263, -58050983];[[153,154,146,149],[79,6,81,19],[1,0,6,1],[4,3,9,7],[146,15,127,7],[3,4,8,11],[145,6,123,19],[151,6,150,7],[1,6,0,1]];156
650.h2;[1, 0, 0, -3263, -90983];[[153,154,146,149],[79,6,81,19],[1,0,6,1],[4,3,9,7],[66,97,13,27],[3,4,8,11],[145,6,123,19],[151,6,150,7],[1,6,0,1]];156
650.k1;[1, 1, 1, -638, 6031];[[775,6,774,7],[3,4,8,11],[623,0,0,779],[4,3,9,7],[1,0,6,1],[391,630,705,331],[66,565,325,651],[301,630,435,331],[1,6,0,1]];780
650.k2;[1, 1, 1, 2487, 31031];[[775,6,774,7],[3,4,8,11],[623,0,0,779],[4,3,9,7],[1,0,6,1],[391,630,705,331],[146,15,595,631],[301,630,435,331],[1,6,0,1]];780
657.c1;[0, 0, 1, -246, 2043];[[3,4,8,11],[4,3,9,7],[1,0,6,1],[70,363,437,218],[151,6,15,19],[433,6,432,7],[1,6,0,1]];438
657.c2;[0, 0, 1, 24, -36];[[3,4,8,11],[4,3,9,7],[1,0,6,1],[151,6,15,19],[72,359,143,54],[433,6,432,7],[1,6,0,1]];438
658.b1;[1, 0, 1, -32, -338];[[1975,6,1977,19],[3943,6,3942,7],[4,3,9,7],[2257,6,2823,19],[1,6,0,1],[3,4,8,11],[2306,1647,2971,7],[1,0,6,1],[757,6,2271,19]];3948
658.b2;[1, 0, 1, 3, 12];[[1975,6,1977,19],[3943,6,3942,7],[4,3,9,7],[2257,6,2823,19],[330,3625,1645,3291],[1,6,0,1],[3,4,8,11],[757,6,2271,19],[1,0,6,1]];3948
666.a1;[1, -1, 0, -1332, 19062];[[3,4,8,11],[4,3,9,7],[1,0,6,1],[445,6,447,19],[883,6,882,7],[409,6,339,19],[223,6,0,1],[478,405,887,110],[1,6,0,1]];888
666.a2;[1, -1, 0, 18, 108];[[258,623,293,18],[4,3,9,7],[409,6,339,19],[883,6,882,7],[1,6,0,1],[445,6,447,19],[3,4,8,11],[223,6,0,1],[1,0,6,1]];888
670.a1;[1, 0, 1, -23, -174];[[4,3,9,7],[8035,6,8034,7],[4021,6,4023,19],[338,7707,1015,4027],[3217,6,1611,19],[1,6,0,1],[6031,6,0,1],[3,4,8,11],[1,0,6,1],[5161,6,7443,19]];8040
670.a2;[1, 0, 1, 2, 6];[[4,3,9,7],[8035,6,8034,7],[4021,6,4023,19],[3217,6,1611,19],[6366,1681,7705,7371],[1,6,0,1],[6031,6,0,1],[3,4,8,11],[5161,6,7443,19],[1,0,6,1]];8040
688.c1;[0, -1, 0, -13, -15];[[257,0,0,515],[3,4,8,11],[216,49,43,87],[4,3,9,7],[1,0,6,1],[341,510,507,497],[263,510,264,509],[511,6,510,7],[1,6,0,1]];516
688.c2;[0, -1, 0, 67, -79];[[257,0,0,515],[3,4,8,11],[4,3,9,7],[1,0,6,1],[341,510,507,497],[263,510,264,509],[511,6,510,7],[298,471,377,509],[1,6,0,1]];516
700.c1;[0, 1, 0, -2458, -47787];[[1,0,6,1],[4,3,9,7],[3,4,8,11],[38,9,31,7],[37,6,36,7],[39,40,32,35],[31,6,9,19],[1,6,0,1]];42
700.c2;[0, 1, 0, 42, -287];[[36,13,7,15],[1,0,6,1],[4,3,9,7],[3,4,8,11],[37,6,36,7],[39,40,32,35],[31,6,9,19],[1,6,0,1]];42
700.d1;[0, -1, 0, -20133, -1092863];[[83,204,39,191],[1,0,6,1],[4,3,9,7],[3,4,8,11],[31,6,93,19],[38,177,115,7],[1,6,0,1],[205,6,204,7]];210
700.d2;[0, -1, 0, -133, -2863];[[83,204,39,191],[1,0,6,1],[4,3,9,7],[3,4,8,11],[36,181,175,141],[31,6,93,19],[1,6,0,1],[205,6,204,7]];210
700.i1;[0, -1, 0, -98, -343];[[1,0,6,1],[4,3,9,7],[3,4,8,11],[31,6,93,19],[171,2,10,7],[38,177,115,7],[1,6,0,1],[205,6,204,7]];210
700.i2;[0, -1, 0, 2, -3];[[1,0,6,1],[4,3,9,7],[3,4,8,11],[36,181,175,141],[31,6,93,19],[171,2,10,7],[1,6,0,1],[205,6,204,7]];210
704.f1;[0, -1, 0, -309, -2003];[[131,0,0,263],[4,3,9,7],[259,6,258,7],[14,57,43,7],[197,0,0,263],[251,258,225,245],[1,6,0,1],[3,4,8,11],[203,258,204,257],[1,0,6,1]];264
704.f2;[0, -1, 0, 11, -19];[[131,0,0,263],[4,3,9,7],[259,6,258,7],[12,61,55,45],[197,0,0,263],[251,258,225,245],[1,6,0,1],[3,4,8,11],[203,258,204,257],[1,0,6,1]];264
704.i1;[0, 1, 0, -309, 2003];[[131,0,0,263],[4,3,9,7],[259,6,258,7],[61,6,60,7],[67,0,0,1],[250,207,221,257],[251,258,225,245],[1,6,0,1],[3,4,8,11],[1,0,6,1]];264
704.i2;[0, 1, 0, 11, 19];[[131,0,0,263],[4,3,9,7],[259,6,258,7],[12,61,55,45],[61,6,60,7],[67,0,0,1],[251,258,225,245],[1,6,0,1],[3,4,8,11],[1,0,6,1]];264
705.d1;[0, 1, 1, -81, -619];[[1405,6,1404,7],[3,4,8,11],[4,3,9,7],[1,0,6,1],[847,6,1131,19],[1321,6,1143,19],[1,6,0,1],[1178,237,715,7]];1410
705.d2;[0, 1, 1, 9, 20];[[1405,6,1404,7],[3,4,8,11],[4,3,9,7],[1,0,6,1],[1176,241,235,471],[847,6,1131,19],[1321,6,1143,19],[1,6,0,1]];1410
715.b1;[0, 1, 1, -5, 6];[[3511,6,1953,19],[4,3,9,7],[4285,6,4284,7],[1717,6,861,19],[2641,6,3633,19],[1,6,0,1],[3,4,8,11],[3576,721,715,1431],[1,0,6,1]];4290
715.b2;[0, 1, 1, 45, -129];[[3511,6,1953,19],[4,3,9,7],[4285,6,4284,7],[1717,6,861,19],[3578,717,2155,7],[2641,6,3633,19],[1,6,0,1],[3,4,8,11],[1,0,6,1]];4290
726.a1;[1, 1, 0, 21657, -1855179];[[23,11,0,1],[41,4,40,5],[1,1,1,2],[31,0,0,43],[1,4,0,1],[1,0,4,1]];44
726.e1;[1, 0, 1, -14, 20];[[41,4,40,5],[1,1,1,2],[1,37,0,23],[1,4,0,1],[39,4,16,11],[1,0,4,1]];44
726.f1;[1, 1, 1, 179, 1475];[[3,3,0,1],[1,1,1,2]];4
726.h1;[1, 0, 0, -1636, -28588];[[1,1,0,3],[1,1,1,2]];4
730.b1;[1, 0, 1, -3919, -94974];[[4,3,9,7],[5257,6,7011,19],[2191,6,6573,19],[8755,6,8754,7],[6721,6,2643,19],[1,6,0,1],[3,4,8,11],[6938,1827,3295,4387],[4381,6,4383,19],[1,0,6,1]];8760
730.b2;[1, 0, 1, 96, -658];[[4,3,9,7],[366,8401,1825,3651],[5257,6,7011,19],[2191,6,6573,19],[8755,6,8754,7],[6721,6,2643,19],[1,6,0,1],[3,4,8,11],[4381,6,4383,19],[1,0,6,1]];8760
730.k1;[1, 0, 0, -365, -2713];[[4,3,9,7],[5257,6,7011,19],[2191,6,0,1],[8755,6,8754,7],[6721,6,2643,19],[1,6,0,1],[3,4,8,11],[6938,1827,3295,4387],[4381,6,4383,19],[1,0,6,1]];8760
730.k2;[1, 0, 0, -15, 17];[[4,3,9,7],[366,8401,1825,3651],[5257,6,7011,19],[2191,6,0,1],[8755,6,8754,7],[6721,6,2643,19],[1,6,0,1],[3,4,8,11],[4381,6,4383,19],[1,0,6,1]];8760
735.d1;[0, -1, 1, -205, 1203];[[1,0,6,1],[4,3,9,7],[3,4,8,11],[37,6,36,7],[9,2,16,7],[1,6,0,1],[38,9,1,22]];42
735.d2;[0, -1, 1, 5, 6];[[1,0,6,1],[4,3,9,7],[3,4,8,11],[36,13,31,12],[37,6,36,7],[9,2,16,7],[1,6,0,1]];42
735.e1;[0, 1, 1, -10061, -392605];[[2,3,1,4],[4,3,3,1],[3,4,2,5]];6
735.e2;[0, 1, 1, 229, -2614];[[0,1,1,0],[4,3,3,1],[3,4,2,5]];6
738.f1;[1, -1, 1, -14, -61];[[3,4,8,11],[979,6,978,7],[4,3,9,7],[1,0,6,1],[247,6,0,1],[450,527,653,186],[493,6,495,19],[457,6,387,19],[1,6,0,1]];984
738.f2;[1, -1, 1, 121, 1559];[[3,4,8,11],[979,6,978,7],[4,3,9,7],[1,0,6,1],[247,6,0,1],[694,285,983,614],[493,6,495,19],[457,6,387,19],[1,6,0,1]];984
740.b1;[0, 1, 0, -12021, -511321];[[1,0,6,1],[4,3,9,7],[188,39,121,7],[3,4,8,11],[187,6,117,19],[1,6,0,1],[217,6,216,7]];222
740.b2;[0, 1, 0, -181, -425];[[187,6,117,19],[4,3,9,7],[1,6,0,1],[1,0,6,1],[217,6,216,7],[3,4,8,11],[186,43,37,75]];222
753.b1;[0, 1, 1, -9, 20];[[4,3,9,7],[1261,6,771,19],[1501,6,1500,7],[252,1261,1255,1005],[1,6,0,1],[3,4,8,11],[1,0,6,1]];1506
753.b2;[0, 1, 1, 81, -475];[[3,4,8,11],[4,3,9,7],[1,0,6,1],[254,1257,763,7],[1261,6,771,19],[1501,6,1500,7],[1,6,0,1]];1506
754.c1;[1, 0, 1, -377, 2782];[[4,3,9,7],[222,97,169,27],[145,6,123,19],[79,6,237,19],[307,6,306,7],[1,6,0,1],[3,4,8,11],[157,6,159,19],[1,0,6,1]];312
754.c2;[1, 0, 1, 338, 11752];[[4,3,9,7],[146,171,127,163],[145,6,123,19],[79,6,237,19],[307,6,306,7],[1,6,0,1],[3,4,8,11],[157,6,159,19],[1,0,6,1]];312
756.a1;[0, 0, 0, -999, -13554];[[4,3,9,7],[1,6,0,1],[1,0,6,1],[6,71,53,30],[79,6,78,7],[3,4,8,11],[43,6,45,19],[73,6,51,19]];84
756.a2;[0, 0, 0, 81, 54];[[43,6,45,19],[73,6,51,19],[1,0,6,1],[4,3,9,7],[79,6,78,7],[3,4,8,11],[46,33,83,62],[1,6,0,1]];84
756.b1;[0, 0, 0, -264, 1636];[[1,0,6,1],[4,3,9,7],[3,4,8,11],[36,13,31,12],[37,6,36,7],[31,6,9,19],[1,6,0,1]];42
756.b2;[0, 0, 0, -24, -44];[[1,0,6,1],[4,3,9,7],[3,4,8,11],[37,6,36,7],[31,6,9,19],[1,6,0,1],[38,9,1,22]];42
756.e1;[0, 0, 0, -2376, -44172];[[1,0,6,1],[4,3,9,7],[6,29,11,30],[3,4,8,11],[37,6,36,7],[31,6,9,19],[1,6,0,1]];42
756.e2;[0, 0, 0, -216, 1188];[[1,0,6,1],[4,3,9,7],[3,4,8,11],[4,33,41,20],[37,6,36,7],[31,6,9,19],[1,6,0,1]];42
756.f1;[0, 0, 0, -111, 502];[[4,3,9,7],[1,6,0,1],[1,0,6,1],[79,6,78,7],[3,4,8,11],[43,6,45,19],[73,6,51,19],[78,13,31,54]];84
756.f2;[0, 0, 0, 9, -2];[[4,3,9,7],[1,6,0,1],[1,0,6,1],[79,6,78,7],[3,4,8,11],[43,6,45,19],[73,6,51,19],[38,51,1,22]];84
762.g1;[1, 0, 0, -2978, -62802];[[3043,6,3042,7],[4,3,9,7],[2162,891,1,1906],[2287,6,765,19],[1273,6,771,19],[1,6,0,1],[3,4,8,11],[1525,6,1527,19],[1,0,6,1]];3048
762.g2;[1, 0, 0, -8, -216];[[3043,6,3042,7],[4,3,9,7],[2287,6,765,19],[1273,6,771,19],[1,6,0,1],[3,4,8,11],[1525,6,1527,19],[1398,1657,2035,654],[1,0,6,1]];3048
774.e1;[1, -1, 0, -1878, -30988];[[4,3,9,7],[433,6,267,19],[42,467,341,282],[1,6,0,1],[3,4,8,11],[511,6,510,7],[259,6,261,19],[1,0,6,1]];516
774.e2;[1, -1, 0, 57, -243];[[4,3,9,7],[433,6,267,19],[1,6,0,1],[3,4,8,11],[474,49,175,234],[511,6,510,7],[259,6,261,19],[1,0,6,1]];516
774.f1;[1, -1, 1, -209, 1217];[[4,3,9,7],[433,6,267,19],[1,6,0,1],[3,4,8,11],[474,49,175,234],[511,6,510,7],[259,6,261,19],[1,0,6,1]];516
774.f2;[1, -1, 1, 511, 6049];[[4,3,9,7],[433,6,267,19],[42,467,341,282],[1,6,0,1],[3,4,8,11],[511,6,510,7],[259,6,261,19],[1,0,6,1]];516
780.d1;[0, 1, 0, -221, -1521];[[385,6,384,7],[68,327,1,196],[3,4,8,11],[4,3,9,7],[1,0,6,1],[157,6,81,19],[301,6,123,19],[1,6,0,1]];390
780.d2;[0, 1, 0, 19, 15];[[385,6,384,7],[3,4,8,11],[4,3,9,7],[66,331,133,84],[1,0,6,1],[157,6,81,19],[301,6,123,19],[1,6,0,1]];390
786.f1;[1, 0, 1, -145, -580];[[1705,6,1971,19],[4,3,9,7],[1706,1443,1,394],[2359,6,0,1],[1573,6,1575,19],[3139,6,3138,7],[1,6,0,1],[3,4,8,11],[1,0,6,1]];3144
786.f2;[1, 0, 1, -40, 92];[[1705,6,1971,19],[4,3,9,7],[918,2233,1051,150],[2359,6,0,1],[1573,6,1575,19],[3139,6,3138,7],[1,6,0,1],[3,4,8,11],[1,0,6,1]];3144
794.d1;[1, 0, 0, -57, 161];[[7945,6,4779,19],[4,3,9,7],[4765,6,4767,19],[2383,6,7149,19],[6750,2785,5161,795],[1,6,0,1],[9523,6,9522,7],[3,4,8,11],[1,0,6,1]];9528
794.d2;[1, 0, 0, 13, 539];[[3,4,8,11],[4,3,9,7],[1,0,6,1],[4370,5163,3583,4771],[7945,6,4779,19],[9523,6,9522,7],[4765,6,4767,19],[1,6,0,1],[2383,6,7149,19]];9528
795.b1;[0, 1, 1, -491, 15251];[[4,3,9,7],[637,6,321,19],[1585,6,1584,7],[691,6,483,19],[1,6,0,1],[1326,271,1063,1344],[3,4,8,11],[1,0,6,1]];1590
795.b2;[0, 1, 1, 4369, -387400];[[4,3,9,7],[637,6,321,19],[1585,6,1584,7],[691,6,483,19],[1328,267,1,796],[1,6,0,1],[3,4,8,11],[1,0,6,1]];1590
801.c1;[0, 0, 1, -30, -90];[[3,4,8,11],[4,3,9,7],[1,0,6,1],[529,6,528,7],[444,83,353,426],[181,6,9,19],[1,6,0,1]];534
801.c2;[0, 0, 1, 240, 1233];[[3,4,8,11],[442,87,533,266],[4,3,9,7],[1,0,6,1],[529,6,528,7],[181,6,9,19],[1,6,0,1]];534
807.a1;[0, 1, 1, -409, -3260];[[3,4,8,11],[272,1347,817,7],[4,3,9,7],[1,0,6,1],[1609,6,1608,7],[271,6,813,19],[1,6,0,1]];1614
807.a2;[0, 1, 1, -49, 115];[[3,4,8,11],[4,3,9,7],[1,0,6,1],[1609,6,1608,7],[270,1351,1345,1077],[271,6,813,19],[1,6,0,1]];1614
810.a1;[1, -1, 0, -339, -4555];[[4,3,9,7],[1,6,0,1],[1,0,6,1],[18,23,23,21],[13,6,15,19],[7,6,21,19],[3,4,8,11],[19,6,18,7]];24
810.a2;[1, -1, 0, 36, 120];[[4,3,9,7],[1,6,0,1],[1,0,6,1],[6,1,1,3],[13,6,15,19],[7,6,21,19],[3,4,8,11],[19,6,18,7]];24
810.b1;[1, -1, 0, -24, 80];[[37,6,51,19],[1,0,6,1],[4,3,9,7],[6,1,25,51],[3,4,8,11],[31,6,33,19],[55,6,54,7],[1,6,0,1]];60
810.b2;[1, -1, 0, 201, -1315];[[37,6,51,19],[1,0,6,1],[4,3,9,7],[54,59,35,9],[3,4,8,11],[31,6,33,19],[55,6,54,7],[1,6,0,1]];60
810.c1;[1, -1, 0, -9, 15];[[97,6,51,19],[61,6,63,19],[1,0,6,1],[4,3,9,7],[115,6,114,7],[6,1,25,51],[3,4,8,11],[31,6,93,19],[1,6,0,1]];120
810.c2;[1, -1, 0, 66, -100];[[97,6,51,19],[61,6,63,19],[1,0,6,1],[4,3,9,7],[115,6,114,7],[3,4,8,11],[31,6,93,19],[114,119,95,69],[1,6,0,1]];120
810.d1;[1, -1, 0, -39489, -3010627];[[97,6,51,19],[61,6,63,19],[1,0,6,1],[4,3,9,7],[115,6,114,7],[3,4,8,11],[31,6,93,19],[114,119,95,69],[1,6,0,1]];120
810.d2;[1, -1, 0, -114, -10252];[[97,6,51,19],[61,6,63,19],[1,0,6,1],[4,3,9,7],[115,6,114,7],[6,1,25,51],[3,4,8,11],[31,6,93,19],[1,6,0,1]];120
810.e1;[1, -1, 1, -38, 181];[[4,3,9,7],[1,6,0,1],[1,0,6,1],[6,1,1,3],[13,6,15,19],[7,6,21,19],[3,4,8,11],[19,6,18,7]];24
810.e2;[1, -1, 1, 322, -3563];[[4,3,9,7],[1,6,0,1],[1,0,6,1],[18,23,23,21],[13,6,15,19],[7,6,21,19],[3,4,8,11],[19,6,18,7]];24
810.f1;[1, -1, 1, -83, -323];[[97,6,51,19],[61,6,63,19],[1,0,6,1],[4,3,9,7],[115,6,114,7],[3,4,8,11],[31,6,93,19],[114,119,95,69],[1,6,0,1]];120
810.f2;[1, -1, 1, 7, 1];[[97,6,51,19],[61,6,63,19],[1,0,6,1],[4,3,9,7],[115,6,114,7],[6,1,25,51],[3,4,8,11],[31,6,93,19],[1,6,0,1]];120
810.g1;[1, -1, 1, -218, -1943];[[37,6,51,19],[1,0,6,1],[4,3,9,7],[54,59,35,9],[3,4,8,11],[31,6,33,19],[55,6,54,7],[1,6,0,1]];60
810.g2;[1, -1, 1, 22, 41];[[37,6,51,19],[1,0,6,1],[4,3,9,7],[6,1,25,51],[3,4,8,11],[31,6,33,19],[55,6,54,7],[1,6,0,1]];60
810.h1;[1, -1, 1, -4388, 112967];[[97,6,51,19],[61,6,63,19],[1,0,6,1],[4,3,9,7],[115,6,114,7],[6,1,25,51],[3,4,8,11],[31,6,93,19],[1,6,0,1]];120
810.h2;[1, -1, 1, -1028, 277831];[[97,6,51,19],[61,6,63,19],[1,0,6,1],[4,3,9,7],[115,6,114,7],[3,4,8,11],[31,6,93,19],[114,119,95,69],[1,6,0,1]];120
814.a1;[1, 0, 1, -50, -828];[[4,3,9,7],[4885,6,4887,19],[410,9363,1231,4891],[7327,6,0,1],[6217,6,8883,19],[3961,6,2115,19],[1,6,0,1],[3,4,8,11],[9763,6,9762,7],[1,0,6,1]];9768
814.a2;[1, 0, 1, 5, 30];[[4,3,9,7],[4885,6,4887,19],[7734,2041,9361,8955],[7327,6,0,1],[6217,6,8883,19],[3961,6,2115,19],[1,6,0,1],[3,4,8,11],[9763,6,9762,7],[1,0,6,1]];9768
815.a1;[0, 1, 1, -985, -12244];[[4,3,9,7],[818,165,499,7],[973,6,972,7],[1,6,0,1],[817,6,495,19],[3,4,8,11],[1,0,6,1]];978
815.a2;[0, 1, 1, 15, -69];[[817,6,495,19],[3,4,8,11],[4,3,9,7],[973,6,972,7],[1,0,6,1],[816,169,163,327],[1,6,0,1]];978
816.g1;[0, -1, 0, -949, 11581];[[199,6,198,7],[37,6,9,19],[1,0,6,1],[4,3,9,7],[101,0,0,203],[3,4,8,11],[20,87,1,52],[107,198,108,197],[1,6,0,1]];204
816.g2;[0, -1, 0, 11, 61];[[199,6,198,7],[37,6,9,19],[1,0,6,1],[4,3,9,7],[101,0,0,203],[3,4,8,11],[107,198,108,197],[18,91,37,36],[1,6,0,1]];204
822.d1;[1, 0, 1, -1122, 14548];[[1921,6,2475,19],[3283,6,3282,7],[4,3,9,7],[823,6,2469,19],[1,6,0,1],[1782,1513,2329,1371],[3,4,8,11],[1645,6,1647,19],[1,0,6,1]];3288
822.d2;[1, 0, 1, 4143, 72868];[[1645,6,1647,19],[3,4,8,11],[4,3,9,7],[1,0,6,1],[962,2331,2887,1651],[1921,6,2475,19],[823,6,2469,19],[3283,6,3282,7],[1,6,0,1]];3288
825.b1;[0, -1, 1, -23, 53];[[6,1,13,24],[1,0,6,1],[4,3,9,7],[25,6,24,7],[3,4,8,11],[1,6,0,1],[21,2,10,7]];30
825.b2;[0, -1, 1, 127, 38];[[1,0,6,1],[4,3,9,7],[25,6,24,7],[3,4,8,11],[1,6,0,1],[21,2,10,7],[8,27,1,16]];30
825.c1;[0, 1, 1, -583, 5494];[[0,1,1,0],[4,3,3,1],[3,4,2,5]];6
825.c2;[0, 1, 1, 3167, 11119];[[2,3,1,4],[4,3,3,1],[3,4,2,5]];6
828.b1;[0, 0, 0, -165, 997];[[1,0,6,1],[4,3,9,7],[97,6,15,19],[112,21,59,131],[3,4,8,11],[1,6,0,1],[133,6,132,7]];138
828.b2;[0, 0, 0, 15, -11];[[1,0,6,1],[4,3,9,7],[114,17,23,45],[97,6,15,19],[3,4,8,11],[1,6,0,1],[133,6,132,7]];138
830.a1;[1, 0, 1, -838, -9512];[[86,417,259,7],[3,4,8,11],[4,3,9,7],[85,6,255,19],[1,0,6,1],[493,6,492,7],[1,6,0,1]];498
830.a2;[1, 0, 1, 37, -62];[[3,4,8,11],[4,3,9,7],[85,6,255,19],[1,0,6,1],[84,421,415,333],[493,6,492,7],[1,6,0,1]];498
848.c1;[0, -1, 0, -393648, 95194048];[[4,3,9,7],[374,267,487,7],[317,630,315,617],[631,6,630,7],[1,6,0,1],[3,4,8,11],[373,6,483,19],[1,0,6,1]];636
848.c2;[0, -1, 0, -4528, 150464];[[4,3,9,7],[54,589,265,531],[317,630,315,617],[631,6,630,7],[1,6,0,1],[3,4,8,11],[373,6,483,19],[1,0,6,1]];636
848.f1;[0, -1, 0, -144, 1856];[[4,3,9,7],[953,1266,315,1253],[1010,267,487,643],[1267,6,1266,7],[1,6,0,1],[3,4,8,11],[1009,6,483,19],[637,6,639,19],[1,0,6,1]];1272
848.f2;[0, -1, 0, 16, -64];[[4,3,9,7],[953,1266,315,1253],[54,1225,265,531],[1267,6,1266,7],[1,6,0,1],[3,4,8,11],[1009,6,483,19],[1,0,6,1],[637,6,639,19]];1272
850.b1;[1, 1, 0, -166025, -26946875];[[4,3,9,7],[2035,6,2034,7],[511,6,1533,19],[1223,2034,1629,2021],[1021,6,1023,19],[241,6,723,19],[1,6,0,1],[3,4,8,11],[938,1107,775,1027],[1,0,6,1]];2040
850.b2;[1, 1, 0, 9975, -114875];[[3,4,8,11],[4,3,9,7],[1,0,6,1],[1446,601,1105,171],[1223,2034,1629,2021],[2035,6,2034,7],[1021,6,1023,19],[241,6,723,19],[511,6,1533,19],[1,6,0,1]];2040
850.g1;[1, 1, 1, -63, 781];[[3,4,8,11],[4,3,9,7],[1,0,6,1],[1446,601,1105,171],[1223,2034,1629,2021],[2035,6,2034,7],[1021,6,1023,19],[241,6,723,19],[511,6,1533,19],[1,6,0,1]];2040
850.g2;[1, 1, 1, 562, -20469];[[4,3,9,7],[2035,6,2034,7],[511,6,1533,19],[1223,2034,1629,2021],[1021,6,1023,19],[241,6,723,19],[1,6,0,1],[3,4,8,11],[938,1107,775,1027],[1,0,6,1]];2040
858.d1;[1, 0, 1, -103987, 12897998];[[2641,6,1059,19],[4,3,9,7],[2718,721,3289,3147],[1717,6,1719,19],[937,6,2811,19],[2575,6,0,1],[3427,6,3426,7],[1,6,0,1],[3,4,8,11],[1,0,6,1]];3432
858.d2;[1, 0, 1, -80722, 18827108];[[2641,6,1059,19],[4,3,9,7],[146,3291,439,1723],[1717,6,1719,19],[937,6,2811,19],[2575,6,0,1],[3427,6,3426,7],[1,6,0,1],[3,4,8,11],[1,0,6,1]];3432
858.j1;[1, 0, 0, -617, -5961];[[2641,6,1059,19],[4,3,9,7],[146,3291,439,1723],[1717,6,1719,19],[937,6,2811,19],[2575,6,0,1],[3427,6,3426,7],[1,6,0,1],[3,4,8,11],[1,0,6,1]];3432
858.j2;[1, 0, 0, 13, -39];[[2641,6,1059,19],[4,3,9,7],[2718,721,3289,3147],[1717,6,1719,19],[937,6,2811,19],[2575,6,0,1],[3427,6,3426,7],[1,6,0,1],[3,4,8,11],[1,0,6,1]];3432
862.f1;[1, 0, 0, -72, -1744];[[3,4,8,11],[4,3,9,7],[1,0,6,1],[7,6,21,19],[434,2157,1303,7],[2581,6,2580,7],[1,6,0,1]];2586
862.f2;[1, 0, 0, 8, 64];[[3,4,8,11],[4,3,9,7],[1,0,6,1],[7,6,21,19],[432,2161,2155,1725],[2581,6,2580,7],[1,6,0,1]];2586
866.a1;[1, 0, 0, -8, 64];[[4,3,9,7],[2599,6,2601,19],[2166,3037,433,867],[3469,6,15,19],[1,6,0,1],[3,4,8,11],[5191,6,5190,7],[1,0,6,1]];5196
866.a2;[1, 0, 0, 72, -1712];[[4,3,9,7],[2599,6,2601,19],[3469,6,15,19],[4766,435,3907,7],[1,6,0,1],[3,4,8,11],[5191,6,5190,7],[1,0,6,1]];5196
867.c1;[0, -1, 1, -17147, -859018];[[1,0,6,1],[4,3,9,7],[65,96,93,83],[3,4,8,11],[20,87,1,52],[97,6,96,7],[1,6,0,1]];102
867.c2;[0, -1, 1, 193, -5023];[[1,0,6,1],[4,3,9,7],[65,96,93,83],[3,4,8,11],[18,91,37,36],[97,6,96,7],[1,6,0,1]];102
874.f1;[1, 0, 0, -640889, -197533063];[[4,3,9,7],[5245,6,5247,19],[2623,6,0,1],[553,6,1659,19],[10033,6,9123,19],[1,6,0,1],[3,4,8,11],[10483,6,10482,7],[8306,2187,3943,5251],[1,0,6,1]];10488
874.f2;[1, 0, 0, -7929, -270343];[[4,3,9,7],[5245,6,5247,19],[2623,6,0,1],[438,10057,2185,4371],[553,6,1659,19],[10033,6,9123,19],[1,6,0,1],[3,4,8,11],[10483,6,10482,7],[1,0,6,1]];10488
880.c1;[0, -1, 0, -1416, -20240];[[4,3,9,7],[1057,6,531,19],[606,721,385,771],[329,1314,0,1319],[1315,6,1314,7],[661,6,663,19],[1201,6,963,19],[1,6,0,1],[3,4,8,11],[1,0,6,1]];1320
880.c2;[0, -1, 0, 4744, -108944];[[4,3,9,7],[1057,6,531,19],[329,1314,0,1319],[1315,6,1314,7],[661,6,663,19],[1201,6,963,19],[1,6,0,1],[3,4,8,11],[938,387,175,667],[1,0,6,1]];1320
880.d1;[0, -1, 0, -16, -64];[[4,3,9,7],[1057,6,531,19],[606,721,385,771],[329,1314,0,1319],[1315,6,1314,7],[661,6,663,19],[1201,6,963,19],[1,6,0,1],[3,4,8,11],[1,0,6,1]];1320
880.d2;[0, -1, 0, 144, 1600];[[4,3,9,7],[1057,6,531,19],[329,1314,0,1319],[1315,6,1314,7],[661,6,663,19],[1201,6,963,19],[1,6,0,1],[3,4,8,11],[938,387,175,667],[1,0,6,1]];1320
882.g1;[1, -1, 1, -6404, 199847];[[19,6,18,7],[1,0,6,1],[13,6,15,19],[4,3,9,7],[3,4,8,11],[22,21,23,14],[7,6,0,1],[1,6,0,1]];24
882.g2;[1, -1, 1, 211, 1397];[[19,6,18,7],[1,0,6,1],[13,6,15,19],[4,3,9,7],[3,4,8,11],[7,6,0,1],[1,6,0,1],[18,23,5,18]];24
882.k1;[1, -1, 1, -313781, -67920051];[[1,0,6,1],[4,3,9,7],[95,0,0,167],[127,126,0,1],[163,6,162,7],[3,4,8,11],[118,21,119,62],[85,126,63,43],[1,6,0,1]];168
882.k2;[1, -1, 1, 10354, -499971];[[4,3,9,7],[163,6,162,7],[1,6,0,1],[1,0,6,1],[95,0,0,167],[85,126,63,43],[127,126,0,1],[3,4,8,11],[90,119,77,90]];168
891.d1;[0, 0, 1, -324, -2248];[[61,6,60,7],[1,0,6,1],[4,3,9,7],[3,4,8,11],[54,5,11,21],[1,6,0,1],[13,6,39,19]];66
891.d2;[0, 0, 1, 6, -15];[[61,6,60,7],[1,0,6,1],[4,3,9,7],[3,4,8,11],[12,61,55,45],[1,6,0,1],[13,6,39,19]];66
891.e1;[0, 0, 1, -36, 83];[[61,6,60,7],[1,0,6,1],[4,3,9,7],[3,4,8,11],[12,61,55,45],[1,6,0,1],[13,6,39,19]];66
891.e2;[0, 0, 1, 54, 398];[[61,6,60,7],[1,0,6,1],[4,3,9,7],[3,4,8,11],[54,5,11,21],[1,6,0,1],[13,6,39,19]];66
892.b1;[0, 1, 0, -388, -1580];[[2233,6,1347,19],[4,3,9,7],[1118,1563,679,7],[1339,6,1341,19],[1,6,0,1],[2671,6,2670,7],[3,4,8,11],[1,0,6,1]];2676
892.b2;[0, 1, 0, -188, 932];[[3,4,8,11],[4,3,9,7],[2671,6,2670,7],[1,0,6,1],[1339,6,1341,19],[2454,229,1561,447],[2233,6,1347,19],[1,6,0,1]];2676
894.d1;[1, 0, 1, -23492, -1387798];[[4,3,9,7],[895,6,2685,19],[2834,747,1,3130],[1,6,0,1],[1789,6,1791,19],[2833,6,1347,19],[3,4,8,11],[3571,6,3570,7],[1,0,6,1]];3576
894.d2;[1, 0, 1, -407, -268];[[4,3,9,7],[895,6,2685,19],[150,3433,1195,1062],[1,6,0,1],[1789,6,1791,19],[2833,6,1347,19],[3,4,8,11],[3571,6,3570,7],[1,0,6,1]];3576
901.e1;[0, 1, 1, -697, -7320];[[4,3,9,7],[4508,903,2713,7],[955,6,2865,19],[1327,6,3981,19],[1,6,0,1],[3,4,8,11],[5401,6,5400,7],[1,0,6,1]];5406
901.e2;[0, 1, 1, -17, 7];[[4,3,9,7],[955,6,2865,19],[1327,6,3981,19],[4506,907,901,1803],[1,6,0,1],[3,4,8,11],[5401,6,5400,7],[1,0,6,1]];5406
902.b1;[1, 0, 0, -64, 192];[[3,4,8,11],[4,3,9,7],[1,0,6,1],[2256,457,451,903],[2701,6,2700,7],[2179,6,1125,19],[739,6,2217,19],[1,6,0,1]];2706
902.b2;[1, 0, 0, 76, 892];[[4,3,9,7],[2258,453,1363,7],[2179,6,1125,19],[1,6,0,1],[2701,6,2700,7],[739,6,2217,19],[3,4,8,11],[1,0,6,1]];2706
906.c1;[1, 0, 1, -1970, 18500];[[4,3,9,7],[2719,6,0,1],[1813,6,1815,19],[1969,6,2283,19],[3619,6,3618,7],[1,6,0,1],[3,4,8,11],[2570,1059,1,2266],[1,0,6,1]];3624
906.c2;[1, 0, 1, -1715, 27182];[[4,3,9,7],[2719,6,0,1],[1813,6,1815,19],[1969,6,2283,19],[3619,6,3618,7],[1,6,0,1],[1662,1969,2419,774],[3,4,8,11],[1,0,6,1]];3624
910.d1;[1, 0, 1, -59, -1154];[[4,3,9,7],[458,1731,1375,1099],[1249,6,1563,19],[1639,6,0,1],[1093,6,1095,19],[2179,6,2178,7],[1,6,0,1],[3,4,8,11],[2017,6,1683,19],[1,0,6,1]];2184
910.d2;[1, 0, 1, 6, 42];[[4,3,9,7],[1249,6,1563,19],[1639,6,0,1],[1093,6,1095,19],[2179,6,2178,7],[1,6,0,1],[3,4,8,11],[2017,6,1683,19],[2094,97,1729,1275],[1,0,6,1]];2184
916.d1;[0, 1, 0, -157, -416];[[3,4,8,11],[4,3,9,7],[1,0,6,1],[1369,6,1368,7],[1148,231,697,7],[1,6,0,1],[235,6,705,19]];1374
916.d2;[0, 1, 0, -77, 236];[[1369,6,1368,7],[4,3,9,7],[1146,235,229,459],[235,6,705,19],[1,6,0,1],[3,4,8,11],[1,0,6,1]];1374
918.a1;[1, -1, 0, -231, -2179];[[37,6,9,19],[1,0,6,1],[4,3,9,7],[3,4,8,11],[84,11,65,66],[97,6,96,7],[1,6,0,1]];102
918.a2;[1, -1, 0, 24, 48];[[37,6,9,19],[1,0,6,1],[4,3,9,7],[3,4,8,11],[18,91,37,36],[97,6,96,7],[1,6,0,1]];102
918.d1;[1, -1, 0, -27, 99];[[4,3,9,7],[103,6,0,1],[403,6,402,7],[241,6,315,19],[222,193,139,342],[1,6,0,1],[205,6,207,19],[3,4,8,11],[1,0,6,1]];408
918.d2;[1, -1, 0, 3, -3];[[4,3,9,7],[103,6,0,1],[403,6,402,7],[241,6,315,19],[1,6,0,1],[205,6,207,19],[3,4,8,11],[122,291,1,154],[1,0,6,1]];408
918.f1;[1, -1, 0, -48, -768];[[19,6,18,7],[1,0,6,1],[13,6,15,19],[4,3,9,7],[3,4,8,11],[2,3,1,10],[7,6,0,1],[1,6,0,1]];24
918.f2;[1, -1, 0, 432, 20448];[[19,6,18,7],[1,0,6,1],[13,6,15,19],[4,3,9,7],[3,4,8,11],[7,6,0,1],[1,6,0,1],[6,1,19,6]];24
918.g1;[1, -1, 1, -434, 21169];[[19,6,18,7],[1,0,6,1],[13,6,15,19],[4,3,9,7],[3,4,8,11],[22,21,23,14],[7,6,0,1],[1,6,0,1]];24
918.g2;[1, -1, 1, 3886, -555983];[[19,6,18,7],[1,0,6,1],[13,6,15,19],[4,3,9,7],[3,4,8,11],[7,6,0,1],[1,6,0,1],[18,23,5,18]];24
918.i1;[1, -1, 1, -245, -2429];[[4,3,9,7],[103,6,0,1],[403,6,402,7],[241,6,315,19],[1,6,0,1],[205,6,207,19],[3,4,8,11],[1,0,6,1],[186,215,269,66]];408
918.i2;[1, -1, 1, 25, 55];[[4,3,9,7],[103,6,0,1],[403,6,402,7],[241,6,315,19],[286,117,407,254],[1,6,0,1],[205,6,207,19],[3,4,8,11],[1,0,6,1]];408
918.l1;[1, -1, 1, -26, 89];[[37,6,9,19],[1,0,6,1],[4,3,9,7],[3,4,8,11],[18,91,37,36],[97,6,96,7],[1,6,0,1]];102
918.l2;[1, -1, 1, 214, -1511];[[37,6,9,19],[1,0,6,1],[4,3,9,7],[3,4,8,11],[84,11,65,66],[97,6,96,7],[1,6,0,1]];102
921.b1;[0, 1, 1, -23, 41];[[4,3,9,7],[1536,313,307,615],[1837,6,1836,7],[1,6,0,1],[619,6,15,19],[3,4,8,11],[1,0,6,1]];1842
921.b2;[0, 1, 1, 157, -130];[[4,3,9,7],[1837,6,1836,7],[1538,309,931,7],[1,6,0,1],[619,6,15,19],[3,4,8,11],[1,0,6,1]];1842
924.f1;[0, 1, 0, -17242, 875009];[[3,4,8,11],[4,3,9,7],[78,391,157,96],[1,0,6,1],[211,6,171,19],[457,6,456,7],[199,6,135,19],[1,6,0,1]];462
924.f2;[0, 1, 0, 59978, 4520981];[[80,387,1,232],[3,4,8,11],[4,3,9,7],[1,0,6,1],[211,6,171,19],[457,6,456,7],[199,6,135,19],[1,6,0,1]];462
924.h1;[0, 1, 0, -54, -291];[[80,387,1,232],[3,4,8,11],[4,3,9,7],[1,0,6,1],[211,6,171,19],[457,6,456,7],[199,6,135,19],[1,6,0,1]];462
924.h2;[0, 1, 0, 6, 9];[[3,4,8,11],[4,3,9,7],[78,391,157,96],[1,0,6,1],[211,6,171,19],[457,6,456,7],[199,6,135,19],[1,6,0,1]];462
930.i1;[1, 0, 1, -523, -4642];[[4,3,9,7],[1801,6,1683,19],[1861,6,1863,19],[3715,6,3714,7],[2791,6,933,19],[2977,6,1491,19],[2018,1707,1,466],[1,6,0,1],[3,4,8,11],[1,0,6,1]];3720
930.i2;[1, 0, 1, 2, -22];[[4,3,9,7],[1801,6,1683,19],[1861,6,1863,19],[3715,6,3714,7],[2791,6,933,19],[2977,6,1491,19],[1,6,0,1],[3,4,8,11],[1086,2641,1243,174],[1,0,6,1]];3720
934.b1;[1, 0, 0, -1889, -31639];[[6074,5139,7015,5611],[3,4,8,11],[4,3,9,7],[1,0,6,1],[8407,6,2805,19],[11203,6,11202,7],[6073,6,7011,19],[5605,6,5607,19],[1,6,0,1]];11208
934.b2;[1, 0, 0, -129, 521];[[3270,7945,5137,10275],[3,4,8,11],[4,3,9,7],[1,0,6,1],[8407,6,2805,19],[11203,6,11202,7],[6073,6,7011,19],[5605,6,5607,19],[1,6,0,1]];11208
935.b1;[0, 1, 1, -13155, 576381];[[4,3,9,7],[409,6,105,19],[1057,6,927,19],[1117,6,1116,7],[1,6,0,1],[3,4,8,11],[936,193,187,375],[1,0,6,1]];1122
935.b2;[0, 1, 1, -9655, 893306];[[3,4,8,11],[1057,6,927,19],[4,3,9,7],[1,0,6,1],[409,6,105,19],[1117,6,1116,7],[938,189,571,7],[1,6,0,1]];1122
940.c1;[0, 1, 0, -31516, -1956716];[[3,4,8,11],[4,3,9,7],[2815,6,2814,7],[1,0,6,1],[1178,1647,715,7],[1321,6,1143,19],[1411,6,1413,19],[2257,6,1131,19],[1,6,0,1]];2820
940.c2;[0, 1, 0, -7076, 226340];[[4,3,9,7],[1411,6,1413,19],[2815,6,2814,7],[2257,6,1131,19],[1,6,0,1],[3,4,8,11],[1321,6,1143,19],[1,0,6,1],[2586,241,1645,471]];2820
944.e1;[0, -1, 0, -9, -8];[[4,3,9,7],[703,6,702,7],[353,0,0,707],[359,702,360,701],[1,6,0,1],[60,301,295,237],[3,4,8,11],[61,6,183,19],[1,0,6,1]];708
944.e2;[0, -1, 0, 31, -68];[[4,3,9,7],[703,6,702,7],[353,0,0,707],[359,702,360,701],[1,6,0,1],[3,4,8,11],[646,411,521,701],[61,6,183,19],[1,0,6,1]];708
946.b1;[1, 0, 1, -261, -1680];[[4,3,9,7],[2839,6,2841,19],[3314,2367,4267,7],[5161,6,4131,19],[1981,6,267,19],[1,6,0,1],[3,4,8,11],[5671,6,5670,7],[1,0,6,1]];5676
946.b2;[1, 0, 1, 14, -8];[[4,3,9,7],[2839,6,2841,19],[5161,6,4131,19],[1981,6,267,19],[1,6,0,1],[3,4,8,11],[474,5209,2365,4731],[5671,6,5670,7],[1,0,6,1]];5676
948.c1;[0, 1, 0, -108, -1068];[[943,6,942,7],[3,4,8,11],[4,3,9,7],[1,0,6,1],[398,555,1,238],[475,6,477,19],[793,6,483,19],[1,6,0,1]];948
948.c2;[0, 1, 0, 12, 36];[[943,6,942,7],[3,4,8,11],[4,3,9,7],[870,85,319,414],[1,0,6,1],[475,6,477,19],[793,6,483,19],[1,6,0,1]];948
950.a1;[1, 1, 0, -69500, -7081250];[[3,4,8,11],[4,3,9,7],[1,0,6,1],[1823,0,0,2279],[2275,6,2274,7],[1711,1830,0,1],[1141,1830,2055,931],[1466,1275,295,691],[1921,1830,2115,931],[1,6,0,1]];2280
950.a2;[1, 1, 0, -750, -12500];[[3,4,8,11],[4,3,9,7],[1,0,6,1],[1823,0,0,2279],[2275,6,2274,7],[1711,1830,0,1],[1141,1830,2055,931],[1806,25,2185,2091],[1921,1830,2115,931],[1,6,0,1]];2280
954.a1;[1, -1, 0, -81, 783];[[4,3,9,7],[262,1005,785,629],[319,6,957,19],[1267,6,1266,7],[1,6,0,1],[3,4,8,11],[1009,6,483,19],[637,6,639,19],[1,0,6,1]];1272
954.a2;[1, -1, 0, 9, -27];[[4,3,9,7],[1218,47,1007,741],[319,6,957,19],[1267,6,1266,7],[1,6,0,1],[3,4,8,11],[1009,6,483,19],[637,6,639,19],[1,0,6,1]];1272
954.c1;[1, -1, 0, -221427, 40159989];[[373,6,483,19],[631,6,630,7],[3,4,8,11],[4,3,9,7],[1,0,6,1],[262,369,149,629],[319,6,321,19],[1,6,0,1]];636
954.c2;[1, -1, 0, -2547, 63477];[[4,3,9,7],[582,47,371,105],[631,6,630,7],[1,6,0,1],[3,4,8,11],[319,6,321,19],[373,6,483,19],[1,0,6,1]];636
954.j1;[1, -1, 1, -545, -4759];[[1218,47,845,882],[3,4,8,11],[4,3,9,7],[1009,6,483,19],[1,0,6,1],[319,6,0,1],[1267,6,1266,7],[637,6,639,19],[1,6,0,1]];1272
954.j2;[1, -1, 1, 400, -19501];[[3,4,8,11],[4,3,9,7],[1009,6,483,19],[1,0,6,1],[319,6,0,1],[1267,6,1266,7],[637,6,639,19],[262,1005,1271,158],[1,6,0,1]];1272
966.i1;[1, 0, 0, -27, -249];[[3859,6,3858,7],[2761,6,555,19],[3,4,8,11],[4,3,9,7],[1,0,6,1],[2857,6,843,19],[1933,6,1935,19],[1130,2739,1,1450],[967,6,0,1],[1,6,0,1]];3864
966.i2;[1, 0, 0, 3, 9];[[4,3,9,7],[2857,6,843,19],[967,6,0,1],[2761,6,555,19],[1933,6,1935,19],[3859,6,3858,7],[2094,1777,1291,3078],[1,6,0,1],[3,4,8,11],[1,0,6,1]];3864
968.b1;[0, 0, 0, -11, 22];[[41,4,40,5],[1,1,1,2],[1,37,0,23],[1,4,0,1],[39,4,16,11],[1,0,4,1]];44
968.c1;[0, 0, 0, -1331, -29282];[[1,1,0,3],[1,1,1,2]];4
978.h1;[1, 0, 0, -3, 9];[[4,3,9,7],[1957,6,1959,19],[817,6,2451,19],[3907,6,3906,7],[1,6,0,1],[3,4,8,11],[3750,169,2611,2790],[2935,6,981,19],[1,0,6,1]];3912
978.h2;[1, 0, 0, 27, -237];[[4,3,9,7],[1957,6,1959,19],[817,6,2451,19],[3907,6,3906,7],[818,3099,1,490],[1,6,0,1],[3,4,8,11],[2935,6,981,19],[1,0,6,1]];3912
980.c1;[0, -1, 0, -39461, 3030385];[[1,0,6,1],[4,3,9,7],[3,4,8,11],[127,6,171,19],[179,204,117,191],[38,177,115,7],[1,6,0,1],[205,6,204,7]];210
980.c2;[0, -1, 0, -261, 8065];[[4,3,9,7],[127,6,171,19],[36,181,175,141],[1,6,0,1],[1,0,6,1],[179,204,117,191],[3,4,8,11],[205,6,204,7]];210
986.a1;[1, 0, 1, -586, -5508];[[5911,6,5910,7],[4,3,9,7],[2959,6,2961,19],[4525,6,1743,19],[205,6,615,19],[1,6,0,1],[3,4,8,11],[5426,495,4447,7],[1,0,6,1]];5916
986.a2;[1, 0, 1, 9, -34];[[5911,6,5910,7],[4,3,9,7],[2959,6,2961,19],[4525,6,1743,19],[205,6,615,19],[1,6,0,1],[3,4,8,11],[2466,3457,493,987],[1,0,6,1]];5916
988.a1;[0, 1, 0, -1918, -32979];[[4,3,9,7],[1238,249,751,7],[1477,6,1476,7],[457,6,1371,19],[1,6,0,1],[3,4,8,11],[781,6,861,19],[1,0,6,1]];1482
988.a2;[0, 1, 0, -18, -71];[[4,3,9,7],[1236,253,247,495],[1477,6,1476,7],[457,6,1371,19],[1,6,0,1],[3,4,8,11],[781,6,861,19],[1,0,6,1]];1482
990.f1;[1, -1, 0, -9, -27];[[4,3,9,7],[1057,6,531,19],[991,6,0,1],[1315,6,1314,7],[714,599,935,549],[661,6,663,19],[1201,6,963,19],[1,6,0,1],[3,4,8,11],[1,0,6,1]];1320
990.f2;[1, -1, 0, 81, 675];[[4,3,9,7],[382,933,1145,653],[1057,6,531,19],[991,6,0,1],[1315,6,1314,7],[661,6,663,19],[1201,6,963,19],[1,6,0,1],[3,4,8,11],[1,0,6,1]];1320
990.l1;[1, -1, 1, -797, -8539];[[4,3,9,7],[1057,6,531,19],[991,6,0,1],[1315,6,1314,7],[714,599,935,549],[661,6,663,19],[1201,6,963,19],[1,6,0,1],[3,4,8,11],[1,0,6,1]];1320
990.l2;[1, -1, 1, 2668, -45961];[[4,3,9,7],[382,933,1145,653],[1057,6,531,19],[991,6,0,1],[1315,6,1314,7],[661,6,663,19],[1201,6,963,19],[1,6,0,1],[3,4,8,11],[1,0,6,1]];1320
994.c1;[1, 0, 1, -1611, -39690];[[4,3,9,7],[3482,2487,4483,7],[5959,6,5958,7],[5545,6,4707,19],[2983,6,2985,19],[5113,6,3411,19],[1,6,0,1],[3,4,8,11],[1,0,6,1]];5964
994.c2;[1, 0, 1, 164, 922];[[498,5473,2485,4971],[4,3,9,7],[5959,6,5958,7],[5545,6,4707,19],[2983,6,2985,19],[5113,6,3411,19],[1,6,0,1],[3,4,8,11],[1,0,6,1]];5964
995.a1;[0, 1, 1, -15, 19];[[996,4981,4975,3981],[4,3,9,7],[4381,6,1203,19],[5965,6,5964,7],[1,6,0,1],[3,4,8,11],[4777,6,2391,19],[1,0,6,1]];5970
995.a2;[0, 1, 1, 85, 64];[[998,4977,2995,7],[4,3,9,7],[4381,6,1203,19],[5965,6,5964,7],[1,6,0,1],[3,4,8,11],[4777,6,2391,19],[1,0,6,1]];5970
996.b1;[0, 1, 0, -12, 36];[[499,6,501,19],[4,3,9,7],[85,6,255,19],[991,6,990,7],[1,6,0,1],[3,4,8,11],[582,421,667,102],[1,0,6,1]];996
996.b2;[0, 1, 0, 108, -876];[[499,6,501,19],[4,3,9,7],[85,6,255,19],[86,915,1,250],[991,6,990,7],[1,6,0,1],[3,4,8,11],[1,0,6,1]];996
1005.a1;[0, 1, 1, -3001, -70904];[[3,4,8,11],[4,3,9,7],[1,0,6,1],[337,6,207,19],[397,6,396,7],[1,6,0,1],[338,69,211,7]];402
1005.a2;[0, 1, 1, 239, 295];[[3,4,8,11],[4,3,9,7],[1,0,6,1],[336,73,67,135],[337,6,207,19],[397,6,396,7],[1,6,0,1]];402
1012.c1;[0, 1, 0, -2278, -42635];[[1,0,6,1],[4,3,9,7],[97,6,15,19],[3,4,8,11],[26,117,79,7],[1,6,0,1],[133,6,132,7]];138
1012.c2;[0, 1, 0, 22, -223];[[1,0,6,1],[4,3,9,7],[97,6,15,19],[3,4,8,11],[1,6,0,1],[133,6,132,7],[24,121,115,93]];138
1020.e1;[0, 1, 0, -6, 9];[[4,3,9,7],[505,6,504,7],[241,6,213,19],[307,6,411,19],[426,91,343,444],[1,6,0,1],[3,4,8,11],[1,0,6,1]];510
1020.e2;[0, 1, 0, 54, -195];[[4,3,9,7],[505,6,504,7],[241,6,213,19],[307,6,411,19],[428,87,1,256],[1,6,0,1],[3,4,8,11],[1,0,6,1]];510
1020.g1;[0, 1, 0, -7226, -238851];[[4,3,9,7],[505,6,504,7],[241,6,213,19],[307,6,411,19],[428,87,1,256],[1,6,0,1],[3,4,8,11],[1,0,6,1]];510
1020.g2;[0, 1, 0, -86, -375];[[4,3,9,7],[505,6,504,7],[241,6,213,19],[307,6,411,19],[426,91,343,444],[1,6,0,1],[3,4,8,11],[1,0,6,1]];510
1026.c1;[1, -1, 0, -471, -3819];[[19,6,18,7],[1,0,6,1],[13,6,15,19],[4,3,9,7],[3,4,8,11],[2,3,1,10],[7,6,0,1],[1,6,0,1]];24
1026.c2;[1, -1, 0, -261, -7389];[[19,6,18,7],[1,0,6,1],[13,6,15,19],[4,3,9,7],[3,4,8,11],[7,6,0,1],[1,6,0,1],[6,1,19,6]];24
1026.d1;[1, -1, 0, -1197, 16245];[[115,6,117,19],[1,0,6,1],[4,3,9,7],[3,4,8,11],[97,6,63,19],[223,6,222,7],[1,6,0,1],[210,25,79,114]];228
1026.d2;[1, -1, 0, 3, 69];[[115,6,117,19],[1,0,6,1],[4,3,9,7],[98,135,1,58],[3,4,8,11],[97,6,63,19],[223,6,222,7],[1,6,0,1]];228
1026.h1;[1, -1, 0, -3, -3];[[97,6,291,19],[3,4,8,11],[4,3,9,7],[1,0,6,1],[98,363,1,58],[229,6,231,19],[343,6,117,19],[1,6,0,1],[451,6,450,7]];456
1026.h2;[1, -1, 0, 27, 63];[[97,6,291,19],[3,4,8,11],[4,3,9,7],[1,0,6,1],[438,25,307,342],[229,6,231,19],[343,6,117,19],[1,6,0,1],[451,6,450,7]];456
1026.j1;[1, -1, 1, -29, 109];[[97,6,291,19],[3,4,8,11],[4,3,9,7],[1,0,6,1],[358,93,455,398],[229,6,231,19],[343,6,117,19],[1,6,0,1],[451,6,450,7]];456
1026.j2;[1, -1, 1, 241, -1943];[[4,3,9,7],[343,6,117,19],[229,6,231,19],[97,6,291,19],[1,6,0,1],[3,4,8,11],[451,6,450,7],[18,431,149,114],[1,0,6,1]];456
1026.m1;[1, -1, 1, -10775, -427841];[[115,6,117,19],[1,0,6,1],[4,3,9,7],[3,4,8,11],[18,203,149,114],[97,6,63,19],[223,6,222,7],[1,6,0,1]];228
1026.m2;[1, -1, 1, 25, -1889];[[115,6,117,19],[1,0,6,1],[4,3,9,7],[130,93,227,170],[3,4,8,11],[97,6,63,19],[223,6,222,7],[1,6,0,1]];228
1026.p1;[1, -1, 1, -4241, 107353];[[19,6,18,7],[1,0,6,1],[13,6,15,19],[4,3,9,7],[3,4,8,11],[22,21,23,14],[7,6,0,1],[1,6,0,1]];24
1026.p2;[1, -1, 1, -2351, 201853];[[19,6,18,7],[1,0,6,1],[13,6,15,19],[4,3,9,7],[3,4,8,11],[7,6,0,1],[1,6,0,1],[18,23,5,18]];24
1042.b1;[1, 0, 0, -1058, -13724];[[4,3,9,7],[12499,6,12498,7],[7297,6,9387,19],[3650,8859,10951,6259],[6253,6,6255,19],[3127,6,9381,19],[1,6,0,1],[3,4,8,11],[1,0,6,1]];12504
1042.b2;[1, 0, 0, 62, -60];[[4,3,9,7],[12499,6,12498,7],[7297,6,9387,19],[6253,6,6255,19],[3127,6,9381,19],[1,6,0,1],[6774,5737,8857,5211],[3,4,8,11],[1,0,6,1]];12504
1044.b1;[0, 0, 0, -39, -146];[[205,6,267,19],[4,3,9,7],[318,23,203,57],[343,6,342,7],[1,6,0,1],[175,6,177,19],[3,4,8,11],[1,0,6,1]];348
1044.b2;[0, 0, 0, 321, 2374];[[205,6,267,19],[4,3,9,7],[343,6,342,7],[142,201,77,341],[175,6,177,19],[1,6,0,1],[3,4,8,11],[1,0,6,1]];348
1050.j1;[1, 0, 1, -351, -2702];[[4,3,9,7],[163,6,162,7],[1,6,0,1],[1,0,6,1],[127,6,45,19],[3,4,8,11],[85,6,87,19],[73,6,51,19],[122,51,1,106]];168
1050.j2;[1, 0, 1, 24, -2];[[73,6,51,19],[1,0,6,1],[4,3,9,7],[163,6,162,7],[3,4,8,11],[78,97,115,54],[127,6,45,19],[85,6,87,19],[1,6,0,1]];168
1050.l1;[1, 1, 1, -8763, -337719];[[4,3,9,7],[626,555,505,106],[835,6,834,7],[503,0,0,839],[1,6,0,1],[421,510,255,691],[3,4,8,11],[241,510,555,691],[631,510,45,691],[1,0,6,1]];840
1050.l2;[1, 1, 1, 612, -219];[[4,3,9,7],[835,6,834,7],[246,265,115,726],[503,0,0,839],[1,6,0,1],[421,510,255,691],[3,4,8,11],[241,510,555,691],[631,510,45,691],[1,0,6,1]];840
1062.j1;[1, -1, 1, -1940, 33743];[[4,3,9,7],[769,6,891,19],[1411,6,1410,7],[646,765,521,701],[1,6,0,1],[709,6,711,19],[3,4,8,11],[1063,6,0,1],[1,0,6,1]];1416
1062.j2;[1, -1, 1, 85, 209];[[4,3,9,7],[769,6,891,19],[1411,6,1410,7],[1002,407,767,117],[1,6,0,1],[709,6,711,19],[3,4,8,11],[1063,6,0,1],[1,0,6,1]];1416
1078.c1;[1, 1, 0, -13255, 575933];[[925,798,399,547],[673,798,1491,547],[4,3,9,7],[1730,651,175,1723],[1,6,0,1],[263,0,0,1847],[3,4,8,11],[1843,6,1842,7],[1,0,6,1],[463,798,861,547]];1848
1078.c2;[1, 1, 0, -1250, -17114];[[3,4,8,11],[4,3,9,7],[263,0,0,1847],[1,0,6,1],[78,721,385,771],[925,798,399,547],[463,798,861,547],[673,798,1491,547],[1843,6,1842,7],[1,6,0,1]];1848
1078.e1;[1, 0, 1, -271, -1718];[[3,4,8,11],[4,3,9,7],[146,123,175,139],[1,0,6,1],[199,6,69,19],[133,6,135,19],[259,6,258,7],[145,6,171,19],[1,6,0,1]];264
1078.e2;[1, 0, 1, -26, 46];[[78,193,121,243],[3,4,8,11],[4,3,9,7],[1,0,6,1],[199,6,69,19],[133,6,135,19],[259,6,258,7],[145,6,171,19],[1,6,0,1]];264
1078.i1;[1, 1, 1, -5678, 162315];[[4,3,9,7],[925,6,927,19],[1059,2,1066,7],[1466,387,703,931],[673,6,171,19],[463,6,1389,19],[1,6,0,1],[3,4,8,11],[1843,6,1842,7],[1,0,6,1]];1848
1078.i2;[1, 1, 1, -78, 139];[[4,3,9,7],[925,6,927,19],[1059,2,1066,7],[673,6,171,19],[463,6,1389,19],[1,6,0,1],[3,4,8,11],[1843,6,1842,7],[1,0,6,1],[78,1777,385,771]];1848
1078.k1;[1, 0, 0, -278223, -56508775];[[4,3,9,7],[259,6,258,7],[261,262,254,257],[145,6,171,19],[199,6,69,19],[133,6,135,19],[1,6,0,1],[146,123,175,139],[3,4,8,11],[1,0,6,1]];264
1078.k2;[1, 0, 0, -3823, -59207];[[78,193,121,243],[3,4,8,11],[4,3,9,7],[1,0,6,1],[199,6,69,19],[133,6,135,19],[259,6,258,7],[261,262,254,257],[145,6,171,19],[1,6,0,1]];264
1086.e1;[1, 0, 0, -239, -1413];[[3,4,8,11],[4,3,9,7],[1,0,6,1],[2173,6,2175,19],[1993,6,1635,19],[1994,2355,1,3802],[1087,6,3261,19],[4339,6,4338,7],[1,6,0,1]];4344
1086.e2;[1, 0, 0, -29, 57];[[3,4,8,11],[4,3,9,7],[1,0,6,1],[3078,1273,2899,4182],[2173,6,2175,19],[1993,6,1635,19],[1087,6,3261,19],[4339,6,4338,7],[1,6,0,1]];4344
1090.e1;[1, 0, 0, -436726, -111069020];[[3818,9267,11455,6547],[6541,6,6543,19],[2617,6,7851,19],[6001,6,4923,19],[1,6,0,1],[4,3,9,7],[13075,6,13074,7],[3,4,8,11],[1,0,6,1],[3271,6,0,1]];13080
1090.e2;[1, 0, 0, -16886, 663716];[[4,3,9,7],[3271,6,0,1],[6001,6,4923,19],[7086,6001,9265,5451],[13075,6,13074,7],[1,6,0,1],[2617,6,7851,19],[3,4,8,11],[6541,6,6543,19],[1,0,6,1]];13080
1090.f1;[1, 0, 0, -24090, -1441150];[[3818,9267,11455,6547],[6541,6,6543,19],[2617,6,7851,19],[6001,6,4923,19],[1,6,0,1],[4,3,9,7],[13075,6,13074,7],[3,4,8,11],[1,0,6,1],[3271,6,0,1]];13080
1090.f2;[1, 0, 0, -340, -1400];[[4,3,9,7],[3271,6,0,1],[6001,6,4923,19],[7086,6001,9265,5451],[13075,6,13074,7],[1,6,0,1],[2617,6,7851,19],[3,4,8,11],[6541,6,6543,19],[1,0,6,1]];13080
1098.l1;[1, -1, 1, -41, -547];[[426,299,671,609],[3,4,8,11],[4,3,9,7],[367,6,369,19],[1,0,6,1],[673,6,555,19],[727,6,726,7],[1,6,0,1]];732
1098.l2;[1, -1, 1, 364, 14519];[[3,4,8,11],[4,3,9,7],[367,6,369,19],[1,0,6,1],[58,669,173,725],[673,6,555,19],[727,6,726,7],[1,6,0,1]];732
1100.b1;[0, -1, 0, -1933, -32263];[[4,3,9,7],[146,255,175,271],[1,6,0,1],[3,4,8,11],[211,270,105,151],[325,6,324,7],[263,0,0,329],[1,0,6,1]];330
1100.b2;[0, -1, 0, 67, -263];[[276,325,55,111],[4,3,9,7],[1,6,0,1],[3,4,8,11],[211,270,105,151],[325,6,324,7],[263,0,0,329],[1,0,6,1]];330
1102.e1;[1, 0, 0, -53854, -4814828];[[205,6,267,19],[4,3,9,7],[343,6,342,7],[206,147,271,7],[175,6,177,19],[1,6,0,1],[3,4,8,11],[1,0,6,1]];348
1102.e2;[1, 0, 0, -494, -10108];[[205,6,267,19],[4,3,9,7],[343,6,342,7],[30,325,145,291],[175,6,177,19],[1,6,0,1],[3,4,8,11],[1,0,6,1]];348
1108.a1;[0, 1, 0, -228, 1252];[[4,3,9,7],[1663,6,1665,19],[1386,1945,277,555],[3319,6,3318,7],[2221,6,15,19],[1,6,0,1],[3,4,8,11],[1,0,6,1]];3324
1108.a2;[0, 1, 0, -28, 3540];[[4,3,9,7],[1663,6,1665,19],[3319,6,3318,7],[3050,279,2503,7],[2221,6,15,19],[1,6,0,1],[3,4,8,11],[1,0,6,1]];3324
1110.e1;[1, 0, 1, -7089, -230588];[[3,4,8,11],[4,3,9,7],[1,0,6,1],[445,6,447,19],[883,6,882,7],[409,6,339,19],[223,6,0,1],[410,483,1,778],[1,6,0,1]];888
1110.e2;[1, 0, 1, 126, -1484];[[4,3,9,7],[409,6,339,19],[883,6,882,7],[630,265,595,870],[1,6,0,1],[445,6,447,19],[3,4,8,11],[223,6,0,1],[1,0,6,1]];888
1110.n1;[1, 0, 0, -7364036, -7692307440];[[4,3,9,7],[4435,6,4434,7],[1777,6,891,19],[2221,6,2223,19],[1298,3147,3895,2227],[1111,6,3333,19],[1,6,0,1],[3,4,8,11],[3961,6,3003,19],[1,0,6,1]];4440
1110.n2;[1, 0, 0, -83396, -12375024];[[4,3,9,7],[4435,6,4434,7],[1777,6,891,19],[2221,6,2223,19],[2406,2041,3145,1851],[1111,6,3333,19],[1,6,0,1],[3,4,8,11],[3961,6,3003,19],[1,0,6,1]];4440
1114.a1;[1, 0, 0, -53, 161];[[4,3,9,7],[3901,6,5019,19],[6679,6,6678,7],[3343,6,3345,19],[1,6,0,1],[558,6133,2785,5571],[3,4,8,11],[1,0,6,1]];6684
1114.a2;[1, 0, 0, 347, -431];[[3,4,8,11],[4,3,9,7],[3343,6,3345,19],[1,0,6,1],[3901,6,5019,19],[3902,2787,5023,7],[6679,6,6678,7],[1,6,0,1]];6684
1116.a1;[0, 0, 0, -2258229, 1306171141];[[1,0,6,1],[181,6,180,7],[4,3,9,7],[28,153,83,179],[3,4,8,11],[127,6,9,19],[1,6,0,1]];186
1116.a2;[0, 0, 0, -27489, 1844341];[[1,0,6,1],[181,6,180,7],[4,3,9,7],[3,4,8,11],[127,6,9,19],[30,149,155,123],[1,6,0,1]];186
1116.f1;[0, 0, 0, -21, -47];[[1,0,6,1],[181,6,180,7],[4,3,9,7],[3,4,8,11],[127,6,9,19],[30,149,155,123],[1,6,0,1]];186
1116.f2;[0, 0, 0, 159, 457];[[1,0,6,1],[181,6,180,7],[4,3,9,7],[28,153,83,179],[3,4,8,11],[127,6,9,19],[1,6,0,1]];186
1132.b1;[0, 1, 0, -93, 316];[[3,4,8,11],[4,3,9,7],[1,0,6,1],[1135,6,9,19],[1693,6,1692,7],[1416,289,283,567],[1,6,0,1]];1698
1132.b2;[0, 1, 0, -13, 912];[[3,4,8,11],[4,3,9,7],[1,0,6,1],[1135,6,9,19],[1693,6,1692,7],[1418,285,859,7],[1,6,0,1]];1698
1134.a1;[1, -1, 0, -96, -424];[[73,6,51,19],[127,6,0,1],[1,0,6,1],[4,3,9,7],[163,6,162,7],[3,4,8,11],[90,71,119,69],[85,6,87,19],[1,6,0,1]];168
1134.a2;[1, -1, 0, 9, 3];[[4,3,9,7],[163,6,162,7],[1,6,0,1],[1,0,6,1],[127,6,0,1],[78,97,49,99],[3,4,8,11],[85,6,87,19],[73,6,51,19]];168
