864.e1;[0, 0, 0, -3, 6];[[46,71,37,10],[10,9,27,64],[3,16,50,51],[1,18,0,1],[5,18,36,29],[12,11,49,51],[55,18,54,19],[1,0,18,1],[55,4,46,41]];72
864.f1;[0, 0, 0, -3, -6];[[17,68,26,31],[1,18,0,1],[5,18,36,29],[19,44,19,55],[37,18,45,19],[1,0,18,1],[3,16,50,51],[55,18,54,19],[12,11,49,51]];72
864.g1;[0, 0, 0, -27, -162];[[55,4,46,41],[1,18,0,1],[5,18,36,29],[37,18,45,19],[1,0,18,1],[53,28,53,17],[3,16,50,51],[55,18,54,19],[12,11,49,51]];72
864.h1;[0, 0, 0, -27, 162];[[17,68,26,31],[1,18,0,1],[5,18,36,29],[37,18,45,19],[1,0,18,1],[53,28,53,17],[3,16,50,51],[55,18,54,19],[12,11,49,51]];72
1323.a1;[0, 0, 1, -189, 992];[[73,4,73,5],[1,18,0,1],[5,18,108,11],[3,16,86,123],[12,11,103,105],[125,10,125,107],[1,0,18,1],[109,18,108,19]];126
1323.c1;[0, 0, 1, -9261, -340342];[[53,122,53,121],[109,18,108,19],[1,18,0,1],[12,11,103,105],[125,10,125,107],[5,18,108,11],[1,0,18,1],[3,16,86,123]];126
1323.q1;[0, 0, 1, -1029, 12605];[[53,122,53,121],[1,116,1,19],[109,18,108,19],[1,18,0,1],[12,11,103,105],[5,18,108,11],[1,0,18,1],[3,16,86,123]];126
1323.s1;[0, 0, 1, -21, -37];[[1,116,1,19],[1,18,0,1],[109,18,108,19],[12,11,103,105],[73,4,73,5],[5,18,108,11],[1,0,18,1],[3,16,86,123]];126
1728.j1;[0, 0, 0, -108, -1296];[[53,28,53,17],[35,54,27,53],[1,18,0,1],[3,16,50,51],[5,18,36,29],[12,11,49,51],[55,18,54,19],[1,0,18,1],[55,4,46,41]];72
1728.k1;[0, 0, 0, -108, 1296];[[53,28,53,17],[35,54,27,53],[1,18,0,1],[3,16,50,51],[5,18,36,29],[12,11,49,51],[55,18,54,19],[1,0,18,1],[17,68,26,31]];72
1728.q1;[0, 0, 0, -12, 48];[[46,71,37,10],[3,16,50,51],[1,18,0,1],[62,63,45,8],[5,18,36,29],[12,11,49,51],[55,18,54,19],[1,0,18,1],[55,4,46,41]];72
1728.t1;[0, 0, 0, -12, -48];[[17,68,26,31],[1,18,0,1],[5,18,36,29],[35,54,27,53],[19,44,19,55],[1,0,18,1],[3,16,50,51],[55,18,54,19],[12,11,49,51]];72
8281.a1;[0, 1, 1, -5126, -170166];[[478,9,225,1630],[1,18,0,1],[1621,18,1620,19],[1,18,0,911],[3,16,1472,753],[514,13,1261,1148],[1,0,18,1],[5,18,108,389],[12,11,1615,1617]];1638
8281.b1;[0, -1, 1, -251190, 57864484];[[1,18,0,1],[703,18,1413,163],[1621,18,1620,19],[1,18,0,911],[3,16,1472,753],[379,4,379,5],[1,0,18,1],[5,18,108,389],[12,11,1615,1617]];1638
8281.k1;[0, 1, 1, -30, -87];[[478,9,225,1630],[1,18,0,1],[1621,18,1620,19],[1,18,0,911],[3,16,1472,753],[514,13,1261,1148],[1,0,18,1],[5,18,108,389],[12,11,1615,1617]];1638
8281.m1;[0, -1, 1, -1486, 26795];[[1,18,0,1],[703,18,1413,163],[1621,18,1620,19],[1,18,0,911],[3,16,1472,753],[379,4,379,5],[1,0,18,1],[5,18,108,389],[12,11,1615,1617]];1638
19494.k1;[1, -1, 0, 930, 6164];[[1,18,0,1],[1351,18,1350,19],[694,9,1017,1360],[12,11,1345,1347],[1,0,18,1],[5,18,108,389],[694,431,1333,802],[514,13,1279,878],[10,9,675,1360],[3,16,1202,483]];1368
19494.o1;[1, -1, 0, 37296, 1615616];[[1,18,0,1],[1351,18,1350,19],[694,9,1017,1360],[12,11,1345,1347],[1,0,18,1],[5,18,108,389],[694,431,1333,802],[514,13,1279,878],[10,9,675,1360],[3,16,1202,483]];1368
19494.bf1;[1, -1, 1, 335662, -43957295];[[1,18,0,1],[1351,18,1350,19],[1009,4,1009,5],[1027,764,1027,271],[685,18,693,163],[12,11,1345,1347],[1,0,18,1],[5,18,108,389],[343,18,351,163],[3,16,1202,483]];1368
19494.bl1;[1, -1, 1, 103, -263];[[1,18,0,1],[1351,18,1350,19],[1009,4,1009,5],[1027,764,1027,271],[685,18,693,163],[12,11,1345,1347],[1,0,18,1],[5,18,108,389],[343,18,351,163],[3,16,1202,483]];1368
21168.l1;[0, 0, 0, -16464, -806736];[[53,122,53,121],[125,0,0,125],[114,115,23,21],[1,18,0,1],[3,16,86,123],[17,108,18,107],[125,10,125,107],[1,0,18,1],[121,108,18,115]];126
21168.p1;[0, 0, 0, -3024, -63504];[[125,0,0,125],[73,4,73,5],[114,115,23,21],[1,18,0,1],[3,16,86,123],[1,116,1,19],[17,108,18,107],[1,0,18,1],[121,108,18,115]];126
21168.di1;[0, 0, 0, -336, 2352];[[125,0,0,125],[73,4,73,5],[114,115,23,21],[1,18,0,1],[3,16,86,123],[17,108,18,107],[125,10,125,107],[1,0,18,1],[121,108,18,115]];126
21168.dm1;[0, 0, 0, -148176, 21781872];[[53,122,53,121],[125,0,0,125],[114,115,23,21],[1,18,0,1],[3,16,86,123],[1,116,1,19],[17,108,18,107],[1,0,18,1],[121,108,18,115]];126
21600.h1;[0, 0, 0, -75, -750];[[17,68,26,31],[71,0,0,71],[1,18,0,1],[5,18,36,29],[19,44,19,55],[37,18,45,19],[1,0,18,1],[3,16,50,51],[55,18,54,19],[12,11,49,51]];72
21600.k1;[0, 0, 0, -675, 20250];[[17,68,26,31],[71,0,0,71],[1,18,0,1],[5,18,36,29],[37,18,45,19],[1,0,18,1],[53,28,53,17],[3,16,50,51],[55,18,54,19],[12,11,49,51]];72
21600.cj1;[0, 0, 0, -675, -20250];[[55,4,46,41],[71,0,0,71],[1,18,0,1],[5,18,36,29],[37,18,45,19],[1,0,18,1],[53,28,53,17],[3,16,50,51],[55,18,54,19],[12,11,49,51]];72
21600.cm1;[0, 0, 0, -75, 750];[[55,4,46,41],[71,0,0,71],[1,18,0,1],[5,18,36,29],[19,44,19,55],[37,18,45,19],[1,0,18,1],[3,16,50,51],[12,11,49,51],[55,18,54,19]];72
33075.c1;[0, 0, 1, -525, -4594];[[125,0,0,125],[73,4,73,5],[1,18,0,1],[5,18,108,11],[3,16,86,123],[1,116,1,19],[12,11,103,105],[1,0,18,1],[109,18,108,19]];126
33075.e1;[0, 0, 1, -25725, 1575656];[[53,122,53,121],[125,0,0,125],[1,18,0,1],[5,18,108,11],[3,16,86,123],[1,116,1,19],[12,11,103,105],[1,0,18,1],[109,18,108,19]];126
33075.co1;[0, 0, 1, -4725, 124031];[[125,0,0,125],[73,4,73,5],[1,18,0,1],[5,18,108,11],[3,16,86,123],[12,11,103,105],[1,0,18,1],[125,10,125,107],[109,18,108,19]];126
33075.cq1;[0, 0, 1, -231525, -42542719];[[53,122,53,121],[125,0,0,125],[1,18,0,1],[5,18,108,11],[3,16,86,123],[12,11,103,105],[125,10,125,107],[1,0,18,1],[109,18,108,19]];126
42336.t1;[0, 0, 0, -1323, 55566];[[10,9,27,64],[71,0,0,71],[3,16,50,51],[1,18,0,1],[26,1,35,62],[5,18,36,29],[12,11,49,51],[55,18,54,19],[1,0,18,1],[55,4,46,41]];72
42336.y1;[0, 0, 0, -1848, 30576];[[5,18,108,137],[1,18,0,1],[3,16,86,123],[12,11,229,231],[1,0,18,1],[127,116,127,19],[127,4,10,41],[235,18,234,19],[73,18,153,163]];252
42336.z1;[0, 0, 0, -1848, -30576];[[5,18,108,137],[1,18,0,1],[3,16,86,123],[12,11,229,231],[226,9,99,244],[1,0,18,1],[127,4,10,41],[235,18,234,19],[10,251,1,154]];252
42336.bc1;[0, 0, 0, -814968, -283164336];[[5,18,108,137],[1,18,0,1],[3,16,86,123],[12,11,229,231],[226,9,99,244],[1,0,18,1],[127,4,10,41],[235,18,234,19],[10,251,1,154]];252
42336.bd1;[0, 0, 0, -814968, 283164336];[[5,18,108,137],[1,18,0,1],[3,16,86,123],[12,11,229,231],[226,9,99,244],[1,0,18,1],[127,4,10,41],[235,18,234,19],[10,251,1,154]];252
42336.bl1;[0, 0, 0, -1323, -55566];[[10,9,27,64],[71,0,0,71],[3,16,50,51],[1,18,0,1],[26,1,35,62],[5,18,36,29],[12,11,49,51],[55,18,54,19],[1,0,18,1],[17,68,26,31]];72
42336.bv1;[0, 0, 0, -147, 2058];[[17,68,26,31],[71,0,0,71],[1,18,0,1],[5,18,36,29],[19,44,19,55],[37,18,45,19],[1,0,18,1],[3,16,50,51],[55,18,54,19],[12,11,49,51]];72
42336.cc1;[0, 0, 0, -16632, -825552];[[5,18,108,137],[1,18,0,1],[3,16,86,123],[12,11,229,231],[1,0,18,1],[127,116,127,19],[127,4,10,41],[235,18,234,19],[73,18,153,163]];252
42336.cd1;[0, 0, 0, -16632, 825552];[[5,18,108,137],[1,18,0,1],[3,16,86,123],[12,11,229,231],[1,0,18,1],[127,116,127,19],[127,4,10,41],[235,18,234,19],[73,18,153,163]];252
42336.cg1;[0, 0, 0, -90552, 10487568];[[5,18,108,137],[1,18,0,1],[3,16,86,123],[12,11,229,231],[226,9,99,244],[1,0,18,1],[127,4,10,41],[235,18,234,19],[10,251,1,154]];252
42336.ch1;[0, 0, 0, -90552, -10487568];[[5,18,108,137],[1,18,0,1],[3,16,86,123],[12,11,229,231],[1,0,18,1],[127,116,127,19],[127,4,10,41],[235,18,234,19],[73,18,153,163]];252
42336.cn1;[0, 0, 0, -147, -2058];[[55,4,46,41],[71,0,0,71],[1,18,0,1],[5,18,36,29],[19,44,19,55],[37,18,45,19],[1,0,18,1],[3,16,50,51],[55,18,54,19],[12,11,49,51]];72
43200.bm1;[0, 0, 0, -2700, 162000];[[53,28,53,17],[35,54,27,53],[71,0,0,71],[3,16,50,51],[1,18,0,1],[5,18,36,29],[12,11,49,51],[55,18,54,19],[1,0,18,1],[17,68,26,31]];72
43200.br1;[0, 0, 0, -300, -6000];[[17,68,26,31],[71,0,0,71],[1,18,0,1],[5,18,36,29],[35,54,27,53],[19,44,19,55],[1,0,18,1],[3,16,50,51],[55,18,54,19],[12,11,49,51]];72
43200.iu1;[0, 0, 0, -300, 6000];[[55,4,46,41],[71,0,0,71],[1,18,0,1],[5,18,36,29],[35,54,27,53],[19,44,19,55],[1,0,18,1],[3,16,50,51],[12,11,49,51],[55,18,54,19]];72
43200.iz1;[0, 0, 0, -2700, -162000];[[55,4,46,41],[71,0,0,71],[1,18,0,1],[5,18,36,29],[26,1,35,62],[1,0,18,1],[62,63,45,8],[3,16,50,51],[12,11,49,51],[55,18,54,19]];72
74529.a1;[0, 0, 1, -273, 2070];[[1,18,0,1],[703,18,1413,163],[1621,18,1620,19],[1,18,0,911],[3,16,1472,753],[379,4,379,5],[1,0,18,1],[5,18,108,389],[12,11,1615,1617]];1638
74529.c1;[0, 0, 1, -13377, -710096];[[1,18,0,1],[703,18,1413,163],[1621,18,1620,19],[1,18,0,911],[3,16,1472,753],[379,4,379,5],[1,0,18,1],[5,18,108,389],[12,11,1615,1617]];1638
74529.bq1;[0, 0, 1, -2260713, -1560080363];[[1,18,0,1],[703,18,1413,163],[1621,18,1620,19],[1,18,0,911],[3,16,1472,753],[379,4,379,5],[1,0,18,1],[5,18,108,389],[12,11,1615,1617]];1638
74529.br1;[0, 0, 1, -46137, 4548339];[[1,18,0,1],[703,18,1413,163],[1621,18,1620,19],[1,18,0,911],[3,16,1472,753],[379,4,379,5],[1,0,18,1],[5,18,108,389],[12,11,1615,1617]];1638
84672.w1;[0, 0, 0, -84, -294];[[125,0,0,125],[73,4,73,5],[1,18,0,1],[5,18,108,11],[3,16,86,123],[1,116,1,19],[12,11,103,105],[1,0,18,1],[109,18,108,19]];126
84672.y1;[0, 0, 0, -37044, 2722734];[[125,0,0,125],[53,122,53,121],[114,115,23,21],[1,18,0,1],[3,16,86,123],[1,116,1,19],[17,108,18,107],[1,0,18,1],[121,108,18,115]];126
84672.bh1;[0, 0, 0, -84, 294];[[125,0,0,125],[73,4,73,5],[114,115,23,21],[1,18,0,1],[3,16,86,123],[17,108,18,107],[1,0,18,1],[125,10,125,107],[121,108,18,115]];126
84672.bj1;[0, 0, 0, -37044, -2722734];[[53,122,53,121],[125,0,0,125],[1,18,0,1],[3,16,86,123],[5,18,108,11],[12,11,103,105],[1,0,18,1],[125,10,125,107],[109,18,108,19]];126
84672.di1;[0, 0, 0, -588, -16464];[[55,4,46,41],[71,0,0,71],[1,18,0,1],[5,18,36,29],[35,54,27,53],[19,44,19,55],[1,0,18,1],[3,16,50,51],[55,18,54,19],[12,11,49,51]];72
84672.dy1;[0, 0, 0, -22638, -1310946];[[5,18,108,137],[1,18,0,1],[3,16,86,123],[12,11,229,231],[1,0,18,1],[127,116,127,19],[127,4,10,41],[235,18,234,19],[73,18,153,163]];252
84672.dz1;[0, 0, 0, -22638, 1310946];[[5,18,108,137],[1,18,0,1],[3,16,86,123],[12,11,229,231],[1,0,18,1],[127,116,127,19],[127,4,10,41],[235,18,234,19],[73,18,153,163]];252
84672.ec1;[0, 0, 0, -4158, 103194];[[5,18,108,137],[1,18,0,1],[3,16,86,123],[12,11,229,231],[1,0,18,1],[127,116,127,19],[127,4,10,41],[235,18,234,19],[73,18,153,163]];252
84672.ed1;[0, 0, 0, -4158, -103194];[[5,18,108,137],[1,18,0,1],[3,16,86,123],[12,11,229,231],[1,0,18,1],[127,116,127,19],[127,4,10,41],[235,18,234,19],[73,18,153,163]];252
84672.en1;[0, 0, 0, -588, 16464];[[17,68,26,31],[71,0,0,71],[1,18,0,1],[5,18,36,29],[35,54,27,53],[19,44,19,55],[1,0,18,1],[3,16,50,51],[55,18,54,19],[12,11,49,51]];72
84672.gn1;[0, 0, 0, -5292, -444528];[[53,28,53,17],[35,54,27,53],[71,0,0,71],[3,16,50,51],[1,18,0,1],[5,18,36,29],[12,11,49,51],[55,18,54,19],[1,0,18,1],[17,68,26,31]];72
84672.ha1;[0, 0, 0, -203742, 35395542];[[5,18,108,137],[1,18,0,1],[3,16,86,123],[12,11,229,231],[226,9,99,244],[1,0,18,1],[127,4,10,41],[235,18,234,19],[10,251,1,154]];252
84672.hb1;[0, 0, 0, -203742, -35395542];[[5,18,108,137],[1,18,0,1],[3,16,86,123],[12,11,229,231],[1,0,18,1],[127,116,127,19],[127,4,10,41],[235,18,234,19],[73,18,153,163]];252
84672.he1;[0, 0, 0, -462, -3822];[[5,18,108,137],[1,18,0,1],[3,16,86,123],[12,11,229,231],[1,0,18,1],[127,116,127,19],[127,4,10,41],[235,18,234,19],[73,18,153,163]];252
84672.hf1;[0, 0, 0, -462, 3822];[[5,18,108,137],[1,18,0,1],[3,16,86,123],[12,11,229,231],[1,0,18,1],[127,116,127,19],[127,4,10,41],[235,18,234,19],[73,18,153,163]];252
84672.hs1;[0, 0, 0, -5292, 444528];[[53,28,53,17],[35,54,27,53],[71,0,0,71],[3,16,50,51],[1,18,0,1],[5,18,36,29],[12,11,49,51],[55,18,54,19],[1,0,18,1],[55,4,46,41]];72
84672.js1;[0, 0, 0, -756, -7938];[[125,0,0,125],[73,4,73,5],[114,115,23,21],[1,18,0,1],[3,16,86,123],[1,116,1,19],[17,108,18,107],[1,0,18,1],[121,108,18,115]];126
84672.ju1;[0, 0, 0, -4116, 100842];[[53,122,53,121],[125,0,0,125],[1,18,0,1],[5,18,108,11],[3,16,86,123],[1,116,1,19],[12,11,103,105],[1,0,18,1],[109,18,108,19]];126
84672.kd1;[0, 0, 0, -756, 7938];[[125,0,0,125],[73,4,73,5],[1,18,0,1],[5,18,108,11],[3,16,86,123],[12,11,103,105],[1,0,18,1],[125,10,125,107],[109,18,108,19]];126
84672.kf1;[0, 0, 0, -4116, -100842];[[53,122,53,121],[125,0,0,125],[114,115,23,21],[1,18,0,1],[3,16,86,123],[17,108,18,107],[1,0,18,1],[125,10,125,107],[121,108,18,115]];126
92256.a1;[0, -1, 0, 1168, -21816];[[1,18,0,1],[1126,13,1297,1742],[10,9,1107,2224],[1126,1683,549,488],[154,13,1783,1742],[1,0,18,1],[3,16,2066,1347],[5,18,108,389],[2215,18,2214,19],[12,11,2209,2211]];2232
92256.b1;[0, -1, 0, 1122128, -638698076];[[5,18,108,389],[1,18,0,1],[3,16,2066,1347],[1,0,18,1],[559,4,559,5],[2215,18,2214,19],[1675,1134,1683,1217],[1117,18,1125,163],[1801,4,1801,5],[12,11,2209,2211]];2232
92256.j1;[0, 1, 0, 1168, 21816];[[5,18,108,389],[1,18,0,1],[3,16,2066,1347],[1,0,18,1],[559,4,559,5],[2215,18,2214,19],[1675,1134,1683,1217],[1117,18,1125,163],[1801,4,1801,5],[12,11,2209,2211]];2232
92256.k1;[0, 1, 0, 1122128, 638698076];[[1,18,0,1],[1126,13,1297,1742],[10,9,1107,2224],[1126,1683,549,488],[154,13,1783,1742],[1,0,18,1],[3,16,2066,1347],[5,18,108,389],[2215,18,2214,19],[12,11,2209,2211]];2232
94178.q1;[1, 1, 1, -577547566, 5342195884395];[[1,18,0,1],[15607,18,15606,19],[12,11,15601,15603],[4033,4,4033,5],[11161,4,11161,5],[11719,18,11727,163],[3907,7830,0,2171],[7813,18,7821,163],[1,0,18,1],[5,18,108,389],[3,16,15458,14739]];15624
94178.r1;[1, 1, 1, -12265, 517719];[[1,18,0,1],[15607,18,15606,19],[12,11,15601,15603],[4033,4,4033,5],[11161,4,11161,5],[11719,18,11727,163],[3907,7830,0,2171],[7813,18,7821,163],[1,0,18,1],[5,18,108,389],[3,16,15458,14739]];15624
94178.ba1;[1, 0, 0, -600986, -179380636];[[1,18,0,1],[15607,18,15606,19],[12,11,15601,15603],[4033,4,4033,5],[11161,4,11161,5],[11719,18,11727,163],[3907,7830,0,2171],[7813,18,7821,163],[1,0,18,1],[5,18,108,389],[3,16,15458,14739]];15624
94178.bb1;[1, 0, 0, -11786685, -15576598927];[[1,18,0,1],[15607,18,15606,19],[12,11,15601,15603],[4033,4,4033,5],[11161,4,11161,5],[11719,18,11727,163],[3907,7830,0,2171],[7813,18,7821,163],[1,0,18,1],[5,18,108,389],[3,16,15458,14739]];15624
104544.o1;[0, 0, 0, -363, 7986];[[17,68,26,31],[71,0,0,71],[1,18,0,1],[5,18,36,29],[19,44,19,55],[37,18,45,19],[1,0,18,1],[3,16,50,51],[55,18,54,19],[12,11,49,51]];72
104544.t1;[0, 0, 0, -363, -7986];[[55,4,46,41],[71,0,0,71],[1,18,0,1],[5,18,36,29],[19,44,19,55],[37,18,45,19],[1,0,18,1],[3,16,50,51],[55,18,54,19],[12,11,49,51]];72
104544.u1;[0, 0, 0, -3267, -215622];[[17,68,26,31],[71,0,0,71],[1,18,0,1],[5,18,36,29],[37,18,45,19],[1,0,18,1],[53,28,53,17],[3,16,50,51],[55,18,54,19],[12,11,49,51]];72
104544.z1;[0, 0, 0, -3267, 215622];[[55,4,46,41],[71,0,0,71],[1,18,0,1],[5,18,36,29],[37,18,45,19],[1,0,18,1],[53,28,53,17],[3,16,50,51],[55,18,54,19],[12,11,49,51]];72
132496.n1;[0, 1, 0, -23781, -1691117];[[1,18,0,1],[703,18,1413,163],[1621,18,1620,19],[1,18,0,911],[3,16,1472,753],[379,4,379,5],[1,0,18,1],[5,18,108,389],[12,11,1615,1617]];1638
132496.s1;[0, 1, 0, -4019045, -3699307949];[[1,18,0,1],[703,18,1413,163],[1621,18,1620,19],[1,18,0,911],[3,16,1472,753],[379,4,379,5],[1,0,18,1],[5,18,108,389],[12,11,1615,1617]];1638
132496.dm1;[0, -1, 0, -82021, 10808589];[[1,18,0,1],[703,18,1413,163],[1621,18,1620,19],[1,18,0,911],[3,16,1472,753],[379,4,379,5],[1,0,18,1],[5,18,108,389],[12,11,1615,1617]];1638
132496.dp1;[0, -1, 0, -485, 5069];[[1,18,0,1],[703,18,1413,163],[1621,18,1620,19],[1,18,0,911],[3,16,1472,753],[379,4,379,5],[1,0,18,1],[5,18,108,389],[12,11,1615,1617]];1638
146016.o1;[0, 0, 0, -4563, 355914];[[17,68,26,31],[71,0,0,71],[1,18,0,1],[5,18,36,29],[37,18,45,19],[1,0,18,1],[53,28,53,17],[3,16,50,51],[55,18,54,19],[12,11,49,51]];72
146016.p1;[0, 0, 0, -4563, -355914];[[10,9,27,64],[71,0,0,71],[3,16,50,51],[1,18,0,1],[26,1,35,62],[5,18,36,29],[12,11,49,51],[55,18,54,19],[1,0,18,1],[55,4,46,41]];72
146016.y1;[0, 0, 0, -507, -13182];[[17,68,26,31],[71,0,0,71],[1,18,0,1],[5,18,36,29],[19,44,19,55],[37,18,45,19],[1,0,18,1],[3,16,50,51],[12,11,49,51],[55,18,54,19]];72
146016.z1;[0, 0, 0, -507, 13182];[[46,71,37,10],[10,9,27,64],[71,0,0,71],[3,16,50,51],[1,18,0,1],[5,18,36,29],[12,11,49,51],[55,18,54,19],[1,0,18,1],[55,4,46,41]];72
155952.v1;[0, 0, 0, 14877, -409374];[[1,18,0,1],[1351,18,1350,19],[694,9,1017,1360],[12,11,1345,1347],[1,0,18,1],[5,18,108,389],[694,431,1333,802],[514,13,1279,878],[10,9,675,1360],[3,16,1202,483]];1368
155952.w1;[0, 0, 0, 5370597, 2807896266];[[1,18,0,1],[1351,18,1350,19],[1009,4,1009,5],[1027,764,1027,271],[685,18,693,163],[12,11,1345,1347],[1,0,18,1],[5,18,108,389],[343,18,351,163],[3,16,1202,483]];1368
155952.cb1;[0, 0, 0, 1653, 15162];[[1,18,0,1],[1351,18,1350,19],[1009,4,1009,5],[1027,764,1027,271],[685,18,693,163],[12,11,1345,1347],[1,0,18,1],[5,18,108,389],[343,18,351,163],[3,16,1202,483]];1368
155952.cc1;[0, 0, 0, 596733, -103996158];[[1,18,0,1],[1351,18,1350,19],[1009,4,1009,5],[1027,764,1027,271],[685,18,693,163],[12,11,1345,1347],[1,0,18,1],[5,18,108,389],[343,18,351,163],[3,16,1202,483]];1368
160083.c1;[0, 0, 1, -124509, -16777588];[[53,122,53,121],[125,0,0,125],[1,18,0,1],[5,18,108,11],[3,16,86,123],[1,116,1,19],[12,11,103,105],[1,0,18,1],[109,18,108,19]];126
160083.g1;[0, 0, 1, -2541, 48914];[[125,0,0,125],[73,4,73,5],[1,18,0,1],[5,18,108,11],[3,16,86,123],[1,116,1,19],[12,11,103,105],[1,0,18,1],[109,18,108,19]];126
160083.cr1;[0, 0, 1, -22869, -1320685];[[125,0,0,125],[73,4,73,5],[1,18,0,1],[5,18,108,11],[3,16,86,123],[12,11,103,105],[125,10,125,107],[1,0,18,1],[109,18,108,19]];126
160083.cx1;[0, 0, 1, -1120581, 452994869];[[53,122,53,121],[125,0,0,125],[1,18,0,1],[5,18,108,11],[3,16,86,123],[12,11,103,105],[125,10,125,107],[1,0,18,1],[109,18,108,19]];126
184512.bj1;[0, -1, 0, 4488511, 5105096097];[[5,18,108,389],[1,18,0,1],[3,16,2066,1347],[1,0,18,1],[559,4,559,5],[2215,18,2214,19],[1675,1134,1683,1217],[1117,18,1125,163],[1801,4,1801,5],[12,11,2209,2211]];2232
184512.bk1;[0, -1, 0, 4671, 169857];[[5,18,108,389],[1,18,0,1],[3,16,2066,1347],[1,0,18,1],[559,4,559,5],[2215,18,2214,19],[1675,1134,1683,1217],[1117,18,1125,163],[1801,4,1801,5],[12,11,2209,2211]];2232
184512.cw1;[0, 1, 0, 4488511, -5105096097];[[1,18,0,1],[1126,13,1297,1742],[10,9,1107,2224],[1126,1683,549,488],[154,13,1783,1742],[1,0,18,1],[3,16,2066,1347],[5,18,108,389],[2215,18,2214,19],[12,11,2209,2211]];2232
184512.cx1;[0, 1, 0, 4671, -169857];[[5,18,108,389],[1,18,0,1],[3,16,2066,1347],[1,0,18,1],[559,4,559,5],[2215,18,2214,19],[1675,1134,1683,1217],[1117,18,1125,163],[1801,4,1801,5],[12,11,2209,2211]];2232
207025.b1;[0, 1, 1, -37158, 3275094];[[1,18,0,1],[703,18,1413,163],[1621,18,1620,19],[1,18,0,911],[3,16,1472,753],[379,4,379,5],[1,0,18,1],[5,18,108,389],[12,11,1615,1617]];1638
207025.k1;[0, -1, 1, -758, -9332];[[478,9,225,1630],[1,18,0,1],[1621,18,1620,19],[1,18,0,911],[3,16,1472,753],[514,13,1261,1148],[1,0,18,1],[5,18,108,389],[12,11,1615,1617]];1638
207025.cn1;[0, 1, 1, -6279758, 7220501019];[[1,18,0,1],[703,18,1413,163],[1621,18,1620,19],[1,18,0,911],[3,16,1472,753],[379,4,379,5],[1,0,18,1],[5,18,108,389],[12,11,1615,1617]];1638
207025.cv1;[0, -1, 1, -128158, -21014407];[[1,18,0,1],[703,18,1413,163],[1621,18,1620,19],[1,18,0,911],[3,16,1472,753],[379,4,379,5],[1,0,18,1],[5,18,108,389],[12,11,1615,1617]];1638
209088.cn1;[0, 0, 0, -13068, -1724976];[[53,28,53,17],[35,54,27,53],[71,0,0,71],[3,16,50,51],[1,18,0,1],[5,18,36,29],[55,18,54,19],[12,11,49,51],[1,0,18,1],[17,68,26,31]];72
209088.cx1;[0, 0, 0, -13068, 1724976];[[53,28,53,17],[35,54,27,53],[71,0,0,71],[3,16,50,51],[1,18,0,1],[5,18,36,29],[55,18,54,19],[12,11,49,51],[1,0,18,1],[55,4,46,41]];72
209088.fb1;[0, 0, 0, -1452, 63888];[[17,68,26,31],[71,0,0,71],[1,18,0,1],[5,18,36,29],[19,44,19,55],[35,54,27,53],[1,0,18,1],[3,16,50,51],[55,18,54,19],[12,11,49,51]];72
209088.fl1;[0, 0, 0, -1452, -63888];[[55,4,46,41],[71,0,0,71],[1,18,0,1],[5,18,36,29],[19,44,19,55],[35,54,27,53],[1,0,18,1],[3,16,50,51],[55,18,54,19],[12,11,49,51]];72
223587.a1;[0, 0, 1, -3549, -80740];[[125,0,0,125],[73,4,73,5],[1,18,0,1],[5,18,108,11],[3,16,86,123],[1,116,1,19],[12,11,103,105],[1,0,18,1],[109,18,108,19]];126
223587.h1;[0, 0, 1, -173901, 27693734];[[53,122,53,121],[125,0,0,125],[1,18,0,1],[5,18,108,11],[3,16,86,123],[1,116,1,19],[12,11,103,105],[1,0,18,1],[109,18,108,19]];126
223587.cl1;[0, 0, 1, -1565109, -747730825];[[53,122,53,121],[125,0,0,125],[1,18,0,1],[5,18,108,11],[3,16,86,123],[12,11,103,105],[1,0,18,1],[125,10,125,107],[109,18,108,19]];126
223587.cs1;[0, 0, 1, -31941, 2179973];[[125,0,0,125],[73,4,73,5],[1,18,0,1],[5,18,108,11],[3,16,86,123],[12,11,103,105],[1,0,18,1],[125,10,125,107],[109,18,108,19]];126
249696.bi1;[0, 0, 0, -7803, 795906];[[17,68,26,31],[71,0,0,71],[1,18,0,1],[5,18,36,29],[37,18,45,19],[1,0,18,1],[53,28,53,17],[12,11,49,51],[55,18,54,19],[3,16,50,51]];72
249696.bt1;[0, 0, 0, -7803, -795906];[[55,4,46,41],[71,0,0,71],[1,18,0,1],[5,18,36,29],[37,18,45,19],[1,0,18,1],[53,28,53,17],[12,11,49,51],[55,18,54,19],[3,16,50,51]];72
249696.ck1;[0, 0, 0, -867, -29478];[[17,68,26,31],[71,0,0,71],[1,18,0,1],[5,18,36,29],[19,44,19,55],[37,18,45,19],[1,0,18,1],[12,11,49,51],[55,18,54,19],[3,16,50,51]];72
249696.cv1;[0, 0, 0, -867, 29478];[[55,4,46,41],[71,0,0,71],[1,18,0,1],[5,18,36,29],[19,44,19,55],[37,18,45,19],[1,0,18,1],[12,11,49,51],[55,18,54,19],[3,16,50,51]];72
276768.z1;[0, 0, 0, 10509, 578522];[[5,18,108,389],[1,18,0,1],[3,16,2066,1347],[1,0,18,1],[559,4,559,5],[2215,18,2214,19],[1675,1134,1683,1217],[1117,18,1125,163],[1801,4,1801,5],[12,11,2209,2211]];2232
276768.ba1;[0, 0, 0, 10099149, 17234748902];[[5,18,108,389],[1,18,0,1],[3,16,2066,1347],[1,0,18,1],[559,4,559,5],[2215,18,2214,19],[1675,1134,1683,1217],[1117,18,1125,163],[1801,4,1801,5],[12,11,2209,2211]];2232
276768.bb1;[0, 0, 0, 10509, -578522];[[1,18,0,1],[1126,13,1297,1742],[10,9,1107,2224],[1126,1683,549,488],[154,13,1783,1742],[1,0,18,1],[3,16,2066,1347],[5,18,108,389],[2215,18,2214,19],[12,11,2209,2211]];2232
276768.bc1;[0, 0, 0, 10099149, -17234748902];[[5,18,108,389],[1,18,0,1],[3,16,2066,1347],[1,0,18,1],[559,4,559,5],[2215,18,2214,19],[1675,1134,1683,1217],[1117,18,1125,163],[1801,4,1801,5],[12,11,2209,2211]];2232
292032.ct1;[0, 0, 0, -2028, -105456];[[46,71,37,10],[71,0,0,71],[3,16,50,51],[1,18,0,1],[62,63,45,8],[5,18,36,29],[12,11,49,51],[55,18,54,19],[1,0,18,1],[17,68,26,31]];72
292032.de1;[0, 0, 0, -2028, 105456];[[55,4,46,41],[71,0,0,71],[1,18,0,1],[5,18,36,29],[35,54,27,53],[19,44,19,55],[1,0,18,1],[3,16,50,51],[55,18,54,19],[12,11,49,51]];72
292032.fr1;[0, 0, 0, -18252, 2847312];[[53,28,53,17],[35,54,27,53],[71,0,0,71],[3,16,50,51],[1,18,0,1],[5,18,36,29],[12,11,49,51],[55,18,54,19],[1,0,18,1],[17,68,26,31]];72
292032.fy1;[0, 0, 0, -18252, -2847312];[[53,28,53,17],[35,54,27,53],[71,0,0,71],[3,16,50,51],[1,18,0,1],[5,18,36,29],[12,11,49,51],[55,18,54,19],[1,0,18,1],[55,4,46,41]];72
311904.r1;[0, 0, 0, -1083, -41154];[[55,4,46,41],[71,0,0,71],[1,18,0,1],[5,18,36,29],[19,44,19,55],[37,18,45,19],[1,0,18,1],[3,16,50,51],[12,11,49,51],[55,18,54,19]];72
311904.ba1;[0, 0, 0, -1083, 41154];[[17,68,26,31],[71,0,0,71],[1,18,0,1],[5,18,36,29],[19,44,19,55],[37,18,45,19],[1,0,18,1],[3,16,50,51],[12,11,49,51],[55,18,54,19]];72
311904.bl1;[0, 0, 0, -9747, 1111158];[[55,4,46,41],[71,0,0,71],[1,18,0,1],[5,18,36,29],[37,18,45,19],[1,0,18,1],[53,28,53,17],[3,16,50,51],[12,11,49,51],[55,18,54,19]];72
311904.bu1;[0, 0, 0, -9747, -1111158];[[17,68,26,31],[71,0,0,71],[1,18,0,1],[5,18,36,29],[37,18,45,19],[1,0,18,1],[53,28,53,17],[3,16,50,51],[12,11,49,51],[55,18,54,19]];72
338688.bk1;[0, 0, 0, -92610, -10890936];[[262,9,369,496],[262,503,253,154],[1,18,0,1],[10,9,243,496],[1,0,18,1],[12,11,481,483],[226,13,199,14],[5,18,108,389],[487,18,486,19],[3,16,338,123]];504
338688.bl1;[0, 0, 0, -840, -9408];[[1,18,0,1],[73,4,73,5],[379,116,379,271],[3,16,338,123],[487,18,486,19],[12,11,481,483],[1,0,18,1],[127,18,135,163],[5,18,108,389],[253,18,261,163]];504
338688.bm1;[0, 0, 0, -10290, -403368];[[1,18,0,1],[73,4,73,5],[379,116,379,271],[3,16,338,123],[487,18,486,19],[12,11,481,483],[1,0,18,1],[127,18,135,163],[5,18,108,389],[253,18,261,163]];504
338688.bn1;[0, 0, 0, -7560, -254016];[[1,18,0,1],[73,4,73,5],[379,116,379,271],[3,16,338,123],[487,18,486,19],[12,11,481,483],[1,0,18,1],[127,18,135,163],[5,18,108,389],[253,18,261,163]];504
338688.bo1;[0, 0, 0, -210, 1176];[[1,18,0,1],[73,4,73,5],[379,116,379,271],[3,16,338,123],[487,18,486,19],[12,11,481,483],[1,0,18,1],[127,18,135,163],[5,18,108,389],[253,18,261,163]];504
338688.bp1;[0, 0, 0, -370440, 87127488];[[1,18,0,1],[73,4,73,5],[379,116,379,271],[3,16,338,123],[487,18,486,19],[12,11,481,483],[1,0,18,1],[127,18,135,163],[5,18,108,389],[253,18,261,163]];504
338688.bq1;[0, 0, 0, -1890, 31752];[[1,18,0,1],[73,4,73,5],[379,116,379,271],[3,16,338,123],[487,18,486,19],[12,11,481,483],[1,0,18,1],[127,18,135,163],[5,18,108,389],[253,18,261,163]];504
338688.br1;[0, 0, 0, -41160, 3226944];[[262,9,369,496],[262,503,253,154],[1,18,0,1],[10,9,243,496],[1,0,18,1],[12,11,481,483],[226,13,199,14],[5,18,108,389],[487,18,486,19],[3,16,338,123]];504
338688.bs1;[0, 0, 0, -840, 9408];[[1,18,0,1],[73,4,73,5],[379,116,379,271],[3,16,338,123],[487,18,486,19],[12,11,481,483],[1,0,18,1],[127,18,135,163],[5,18,108,389],[253,18,261,163]];504
338688.bt1;[0, 0, 0, -92610, 10890936];[[1,18,0,1],[73,4,73,5],[379,116,379,271],[3,16,338,123],[487,18,486,19],[12,11,481,483],[1,0,18,1],[127,18,135,163],[5,18,108,389],[253,18,261,163]];504
338688.bu1;[0, 0, 0, -7560, 254016];[[1,18,0,1],[73,4,73,5],[379,116,379,271],[3,16,338,123],[487,18,486,19],[12,11,481,483],[1,0,18,1],[127,18,135,163],[5,18,108,389],[253,18,261,163]];504
338688.bv1;[0, 0, 0, -10290, 403368];[[262,9,369,496],[262,503,253,154],[1,18,0,1],[10,9,243,496],[1,0,18,1],[12,11,481,483],[226,13,199,14],[5,18,108,389],[487,18,486,19],[3,16,338,123]];504
338688.bw1;[0, 0, 0, -370440, -87127488];[[1,18,0,1],[73,4,73,5],[379,116,379,271],[3,16,338,123],[487,18,486,19],[12,11,481,483],[1,0,18,1],[127,18,135,163],[5,18,108,389],[253,18,261,163]];504
338688.bx1;[0, 0, 0, -210, -1176];[[1,18,0,1],[73,4,73,5],[379,116,379,271],[3,16,338,123],[487,18,486,19],[12,11,481,483],[1,0,18,1],[127,18,135,163],[5,18,108,389],[253,18,261,163]];504
338688.by1;[0, 0, 0, -41160, -3226944];[[262,9,369,496],[262,503,253,154],[1,18,0,1],[10,9,243,496],[1,0,18,1],[12,11,481,483],[226,13,199,14],[5,18,108,389],[487,18,486,19],[3,16,338,123]];504
338688.bz1;[0, 0, 0, -1890, -31752];[[262,9,369,496],[262,503,253,154],[1,18,0,1],[10,9,243,496],[1,0,18,1],[12,11,481,483],[226,13,199,14],[5,18,108,389],[487,18,486,19],[3,16,338,123]];504
382347.b1;[0, 0, 1, -2676429, -1672099018];[[53,122,53,121],[125,0,0,125],[1,18,0,1],[5,18,108,11],[3,16,86,123],[12,11,103,105],[125,10,125,107],[1,0,18,1],[109,18,108,19]];126
382347.o1;[0, 0, 1, -54621, 4874924];[[125,0,0,125],[73,4,73,5],[1,18,0,1],[5,18,108,11],[3,16,86,123],[12,11,103,105],[125,10,125,107],[1,0,18,1],[109,18,108,19]];126
382347.de1;[0, 0, 1, -6069, -180553];[[125,0,0,125],[73,4,73,5],[1,18,0,1],[5,18,108,11],[3,16,86,123],[1,116,1,19],[12,11,103,105],[1,0,18,1],[109,18,108,19]];126
382347.dr1;[0, 0, 1, -297381, 61929593];[[53,122,53,121],[125,0,0,125],[1,18,0,1],[5,18,108,11],[3,16,86,123],[1,116,1,19],[12,11,103,105],[1,0,18,1],[109,18,108,19]];126
457056.p1;[0, 0, 0, -14283, -1971054];[[10,9,27,64],[71,0,0,71],[1,18,0,1],[3,16,50,51],[26,1,35,62],[5,18,36,29],[12,11,49,51],[55,18,54,19],[1,0,18,1],[17,68,26,31]];72
457056.w1;[0, 0, 0, -14283, 1971054];[[55,4,46,41],[71,0,0,71],[1,18,0,1],[5,18,36,29],[37,18,45,19],[1,0,18,1],[53,28,53,17],[3,16,50,51],[12,11,49,51],[55,18,54,19]];72
457056.z1;[0, 0, 0, -1587, 73002];[[17,68,26,31],[71,0,0,71],[1,18,0,1],[5,18,36,29],[19,44,19,55],[37,18,45,19],[1,0,18,1],[3,16,50,51],[55,18,54,19],[12,11,49,51]];72
457056.bg1;[0, 0, 0, -1587, -73002];[[55,4,46,41],[71,0,0,71],[1,18,0,1],[5,18,36,29],[19,44,19,55],[37,18,45,19],[1,0,18,1],[3,16,50,51],[55,18,54,19],[12,11,49,51]];72
477603.b1;[0, 0, 1, -371469, -86459410];[[53,122,53,121],[125,0,0,125],[1,18,0,1],[5,18,108,11],[3,16,86,123],[1,116,1,19],[12,11,103,105],[1,0,18,1],[109,18,108,19]];126
477603.g1;[0, 0, 1, -7581, 252068];[[125,0,0,125],[73,4,73,5],[1,18,0,1],[5,18,108,11],[3,16,86,123],[1,116,1,19],[12,11,103,105],[1,0,18,1],[109,18,108,19]];126
477603.bw1;[0, 0, 1, -68229, -6805843];[[125,0,0,125],[73,4,73,5],[1,18,0,1],[5,18,108,11],[3,16,86,123],[12,11,103,105],[125,10,125,107],[1,0,18,1],[109,18,108,19]];126
477603.cb1;[0, 0, 1, -3343221, 2334404063];[[53,122,53,121],[125,0,0,125],[1,18,0,1],[5,18,108,11],[3,16,86,123],[12,11,103,105],[125,10,125,107],[1,0,18,1],[109,18,108,19]];126
487350.bz1;[1, -1, 0, 8391558, -5486270284];[[1,18,0,1],[1351,18,1350,19],[694,9,1017,1360],[12,11,1345,1347],[1,0,18,1],[5,18,108,389],[694,431,1333,802],[514,13,1279,878],[10,9,675,1360],[3,16,1202,483]];1368
487350.cc1;[1, -1, 0, 2583, -30259];[[1,18,0,1],[1351,18,1350,19],[1009,4,1009,5],[1027,764,1027,271],[685,18,693,163],[12,11,1345,1347],[1,0,18,1],[5,18,108,389],[343,18,351,163],[3,16,1202,483]];1368
487350.gf1;[1, -1, 1, 23245, 793747];[[1,18,0,1],[1351,18,1350,19],[1009,4,1009,5],[1027,764,1027,271],[685,18,693,163],[12,11,1345,1347],[1,0,18,1],[5,18,108,389],[343,18,351,163],[3,16,1202,483]];1368
487350.gi1;[1, -1, 1, 932395, 202884397];[[1,18,0,1],[1351,18,1350,19],[1009,4,1009,5],[1027,764,1027,271],[685,18,693,163],[12,11,1345,1347],[1,0,18,1],[5,18,108,389],[343,18,351,163],[3,16,1202,483]];1368
499392.dz1;[0, 0, 0, -3468, -235824];[[17,68,26,31],[71,0,0,71],[1,18,0,1],[5,18,36,29],[35,54,27,53],[19,44,19,55],[1,0,18,1],[12,11,49,51],[55,18,54,19],[3,16,50,51]];72
499392.fc1;[0, 0, 0, -3468, 235824];[[55,4,46,41],[71,0,0,71],[1,18,0,1],[5,18,36,29],[35,54,27,53],[19,44,19,55],[1,0,18,1],[12,11,49,51],[55,18,54,19],[3,16,50,51]];72
499392.hn1;[0, 0, 0, -31212, 6367248];[[53,28,53,17],[35,54,27,53],[71,0,0,71],[1,18,0,1],[3,16,50,51],[5,18,36,29],[12,11,49,51],[55,18,54,19],[1,0,18,1],[17,68,26,31]];72
499392.iq1;[0, 0, 0, -31212, -6367248];[[55,4,46,41],[71,0,0,71],[1,18,0,1],[5,18,36,29],[26,1,35,62],[1,0,18,1],[62,63,45,8],[12,11,49,51],[55,18,54,19],[3,16,50,51]];72
529200.gq1;[0, 0, 0, -8400, 294000];[[125,0,0,125],[73,4,73,5],[114,115,23,21],[1,18,0,1],[3,16,86,123],[17,108,18,107],[125,10,125,107],[1,0,18,1],[121,108,18,115]];126
529200.iw1;[0, 0, 0, -411600, -100842000];[[53,122,53,121],[125,0,0,125],[114,115,23,21],[1,18,0,1],[3,16,86,123],[17,108,18,107],[125,10,125,107],[1,0,18,1],[121,108,18,115]];126
529200.qv1;[0, 0, 0, -75600, -7938000];[[125,0,0,125],[73,4,73,5],[114,115,23,21],[1,18,0,1],[3,16,86,123],[1,116,1,19],[17,108,18,107],[1,0,18,1],[121,108,18,115]];126
529200.sx1;[0, 0, 0, -3704400, 2722734000];[[125,0,0,125],[53,122,53,121],[114,115,23,21],[1,18,0,1],[3,16,86,123],[1,116,1,19],[17,108,18,107],[1,0,18,1],[121,108,18,115]];126
1058400.dw1;[0, 0, 0, -33075, 6945750];[[55,4,46,41],[71,0,0,71],[1,18,0,1],[5,18,36,29],[37,18,45,19],[1,0,18,1],[53,28,53,17],[3,16,50,51],[12,11,49,51],[55,18,54,19]];72
1058400.dx1;[0, 0, 0, -3675, 257250];[[17,68,26,31],[71,0,0,71],[1,18,0,1],[5,18,36,29],[19,44,19,55],[37,18,45,19],[1,0,18,1],[55,18,54,19],[3,16,50,51],[12,11,49,51]];72
1058400.ie1;[0, 0, 0, -2263800, 1310946000];[[5,18,108,137],[1,18,0,1],[3,16,86,123],[12,11,229,231],[1,0,18,1],[127,116,127,19],[127,4,10,41],[235,18,234,19],[73,18,153,163]];252
1058400.if1;[0, 0, 0, -2263800, -1310946000];[[5,18,108,137],[1,18,0,1],[3,16,86,123],[12,11,229,231],[1,0,18,1],[127,116,127,19],[127,4,10,41],[235,18,234,19],[73,18,153,163]];252
1058400.ik1;[0, 0, 0, -20374200, -35395542000];[[5,18,108,137],[1,18,0,1],[3,16,86,123],[12,11,229,231],[226,9,99,244],[1,0,18,1],[127,4,10,41],[235,18,234,19],[10,251,1,154]];252
1058400.il1;[0, 0, 0, -20374200, 35395542000];[[5,18,108,137],[1,18,0,1],[3,16,86,123],[12,11,229,231],[1,0,18,1],[127,116,127,19],[127,4,10,41],[235,18,234,19],[73,18,153,163]];252
1058400.ki1;[0, 0, 0, -415800, -103194000];[[5,18,108,137],[1,18,0,1],[3,16,86,123],[12,11,229,231],[1,0,18,1],[127,116,127,19],[127,4,10,41],[235,18,234,19],[73,18,153,163]];252
1058400.kj1;[0, 0, 0, -415800, 103194000];[[5,18,108,137],[1,18,0,1],[3,16,86,123],[12,11,229,231],[1,0,18,1],[127,116,127,19],[127,4,10,41],[235,18,234,19],[73,18,153,163]];252
1058400.ko1;[0, 0, 0, -46200, 3822000];[[5,18,108,137],[1,18,0,1],[3,16,86,123],[12,11,229,231],[226,9,99,244],[1,0,18,1],[127,4,10,41],[235,18,234,19],[10,251,1,154]];252
1058400.kp1;[0, 0, 0, -46200, -3822000];[[5,18,108,137],[1,18,0,1],[3,16,86,123],[12,11,229,231],[1,0,18,1],[127,116,127,19],[127,4,10,41],[235,18,234,19],[73,18,153,163]];252
1058400.ow1;[0, 0, 0, -33075, -6945750];[[17,68,26,31],[71,0,0,71],[1,18,0,1],[5,18,36,29],[37,18,45,19],[1,0,18,1],[53,28,53,17],[3,16,50,51],[55,18,54,19],[12,11,49,51]];72
1058400.ox1;[0, 0, 0, -3675, -257250];[[46,71,37,10],[10,9,27,64],[71,0,0,71],[1,18,0,1],[3,16,50,51],[5,18,36,29],[55,18,54,19],[12,11,49,51],[1,0,18,1],[55,4,46,41]];72
2116800.oq1;[0, 0, 0, -132300, -55566000];[[53,28,53,17],[35,54,27,53],[71,0,0,71],[1,18,0,1],[3,16,50,51],[5,18,36,29],[55,18,54,19],[12,11,49,51],[1,0,18,1],[17,68,26,31]];72
2116800.ot1;[0, 0, 0, -14700, -2058000];[[55,4,46,41],[71,0,0,71],[1,18,0,1],[5,18,36,29],[35,54,27,53],[19,44,19,55],[1,0,18,1],[3,16,50,51],[55,18,54,19],[12,11,49,51]];72
2116800.rx1;[0, 0, 0, -926100, 340341750];[[125,0,0,125],[53,122,53,121],[1,18,0,1],[114,115,23,21],[3,16,86,123],[1,116,1,19],[17,108,18,107],[1,0,18,1],[121,108,18,115]];126
2116800.sa1;[0, 0, 0, -102900, 12605250];[[53,122,53,121],[125,0,0,125],[1,18,0,1],[5,18,108,11],[3,16,86,123],[1,116,1,19],[12,11,103,105],[1,0,18,1],[109,18,108,19]];126
2116800.yn1;[0, 0, 0, -2100, -36750];[[125,0,0,125],[73,4,73,5],[1,18,0,1],[5,18,108,11],[3,16,86,123],[1,116,1,19],[12,11,103,105],[1,0,18,1],[109,18,108,19]];126
2116800.yq1;[0, 0, 0, -18900, -992250];[[125,0,0,125],[73,4,73,5],[1,18,0,1],[114,115,23,21],[3,16,86,123],[1,116,1,19],[17,108,18,107],[1,0,18,1],[121,108,18,115]];126
2116800.bew1;[0, 0, 0, -103950, 12899250];[[5,18,108,137],[1,18,0,1],[3,16,86,123],[12,11,229,231],[1,0,18,1],[127,116,127,19],[127,4,10,41],[235,18,234,19],[73,18,153,163]];252
2116800.bex1;[0, 0, 0, -103950, -12899250];[[5,18,108,137],[1,18,0,1],[3,16,86,123],[12,11,229,231],[226,9,99,244],[1,0,18,1],[127,4,10,41],[235,18,234,19],[10,251,1,154]];252
2116800.bfc1;[0, 0, 0, -11550, -477750];[[5,18,108,137],[1,18,0,1],[3,16,86,123],[12,11,229,231],[1,0,18,1],[127,116,127,19],[127,4,10,41],[235,18,234,19],[73,18,153,163]];252
2116800.bfd1;[0, 0, 0, -11550, 477750];[[5,18,108,137],[1,18,0,1],[3,16,86,123],[12,11,229,231],[1,0,18,1],[127,116,127,19],[127,4,10,41],[235,18,234,19],[73,18,153,163]];252
2116800.bmk1;[0, 0, 0, -565950, -163868250];[[5,18,108,137],[1,18,0,1],[3,16,86,123],[12,11,229,231],[1,0,18,1],[127,116,127,19],[127,4,10,41],[235,18,234,19],[73,18,153,163]];252
2116800.bml1;[0, 0, 0, -565950, 163868250];[[5,18,108,137],[1,18,0,1],[3,16,86,123],[12,11,229,231],[226,9,99,244],[1,0,18,1],[127,4,10,41],[235,18,234,19],[10,251,1,154]];252
2116800.bmy1;[0, 0, 0, -5093550, 4424442750];[[5,18,108,137],[1,18,0,1],[3,16,86,123],[12,11,229,231],[1,0,18,1],[127,116,127,19],[127,4,10,41],[235,18,234,19],[73,18,153,163]];252
2116800.bmz1;[0, 0, 0, -5093550, -4424442750];[[5,18,108,137],[1,18,0,1],[3,16,86,123],[12,11,229,231],[226,9,99,244],[1,0,18,1],[127,4,10,41],[235,18,234,19],[10,251,1,154]];252
2116800.btj1;[0, 0, 0, -926100, -340341750];[[53,122,53,121],[125,0,0,125],[1,18,0,1],[5,18,108,11],[3,16,86,123],[12,11,103,105],[125,10,125,107],[1,0,18,1],[109,18,108,19]];126
2116800.btm1;[0, 0, 0, -102900, -12605250];[[125,0,0,125],[53,122,53,121],[1,18,0,1],[114,115,23,21],[3,16,86,123],[17,108,18,107],[1,0,18,1],[125,10,125,107],[121,108,18,115]];126
2116800.bzz1;[0, 0, 0, -2100, 36750];[[125,0,0,125],[73,4,73,5],[1,18,0,1],[114,115,23,21],[3,16,86,123],[17,108,18,107],[1,0,18,1],[125,10,125,107],[121,108,18,115]];126
2116800.cac1;[0, 0, 0, -18900, 992250];[[125,0,0,125],[73,4,73,5],[1,18,0,1],[5,18,108,11],[3,16,86,123],[12,11,103,105],[1,0,18,1],[125,10,125,107],[109,18,108,19]];126
2116800.cdg1;[0, 0, 0, -132300, 55566000];[[53,28,53,17],[35,54,27,53],[71,0,0,71],[1,18,0,1],[3,16,50,51],[5,18,36,29],[55,18,54,19],[12,11,49,51],[1,0,18,1],[55,4,46,41]];72
2116800.cdj1;[0, 0, 0, -14700, 2058000];[[46,71,37,10],[71,0,0,71],[1,18,0,1],[3,16,50,51],[62,63,45,8],[5,18,36,29],[55,18,54,19],[12,11,49,51],[1,0,18,1],[17,68,26,31]];72
8467200.hw1;[0, 0, 0, -1029000, 403368000];[[1,18,0,1],[73,4,73,5],[379,116,379,271],[3,16,338,123],[487,18,486,19],[12,11,481,483],[1,0,18,1],[127,18,135,163],[5,18,108,389],[253,18,261,163]];504
8467200.hx1;[0, 0, 0, -47250, 3969000];[[262,9,369,496],[262,503,253,154],[1,18,0,1],[10,9,243,496],[1,0,18,1],[12,11,481,483],[226,13,199,14],[5,18,108,389],[487,18,486,19],[3,16,338,123]];504
8467200.hy1;[0, 0, 0, -9261000, 10890936000];[[262,9,369,496],[262,503,253,154],[1,18,0,1],[10,9,243,496],[1,0,18,1],[12,11,481,483],[226,13,199,14],[5,18,108,389],[487,18,486,19],[3,16,338,123]];504
8467200.hz1;[0, 0, 0, -5250, 147000];[[1,18,0,1],[73,4,73,5],[379,116,379,271],[3,16,338,123],[487,18,486,19],[12,11,481,483],[1,0,18,1],[127,18,135,163],[5,18,108,389],[253,18,261,163]];504
8467200.iu1;[0, 0, 0, -189000, -31752000];[[1,18,0,1],[73,4,73,5],[379,116,379,271],[3,16,338,123],[487,18,486,19],[12,11,481,483],[1,0,18,1],[127,18,135,163],[5,18,108,389],[253,18,261,163]];504
8467200.iv1;[0, 0, 0, -257250, -50421000];[[1,18,0,1],[73,4,73,5],[379,116,379,271],[3,16,338,123],[487,18,486,19],[12,11,481,483],[1,0,18,1],[127,18,135,163],[5,18,108,389],[253,18,261,163]];504
8467200.iw1;[0, 0, 0, -21000, -1176000];[[1,18,0,1],[73,4,73,5],[379,116,379,271],[3,16,338,123],[487,18,486,19],[12,11,481,483],[1,0,18,1],[127,18,135,163],[5,18,108,389],[253,18,261,163]];504
8467200.ix1;[0, 0, 0, -2315250, -1361367000];[[1,18,0,1],[73,4,73,5],[379,116,379,271],[3,16,338,123],[487,18,486,19],[12,11,481,483],[1,0,18,1],[127,18,135,163],[5,18,108,389],[253,18,261,163]];504
8467200.se1;[0, 0, 0, -47250, -3969000];[[1,18,0,1],[73,4,73,5],[379,116,379,271],[3,16,338,123],[487,18,486,19],[12,11,481,483],[1,0,18,1],[127,18,135,163],[5,18,108,389],[253,18,261,163]];504
8467200.sf1;[0, 0, 0, -1029000, -403368000];[[1,18,0,1],[73,4,73,5],[379,116,379,271],[3,16,338,123],[487,18,486,19],[12,11,481,483],[1,0,18,1],[127,18,135,163],[5,18,108,389],[253,18,261,163]];504
8467200.sg1;[0, 0, 0, -5250, -147000];[[1,18,0,1],[73,4,73,5],[379,116,379,271],[3,16,338,123],[487,18,486,19],[12,11,481,483],[1,0,18,1],[127,18,135,163],[5,18,108,389],[253,18,261,163]];504
8467200.sh1;[0, 0, 0, -9261000, -10890936000];[[1,18,0,1],[73,4,73,5],[379,116,379,271],[3,16,338,123],[487,18,486,19],[12,11,481,483],[1,0,18,1],[127,18,135,163],[5,18,108,389],[253,18,261,163]];504
8467200.tc1;[0, 0, 0, -257250, 50421000];[[262,9,369,496],[262,503,253,154],[1,18,0,1],[10,9,243,496],[1,0,18,1],[12,11,481,483],[226,13,199,14],[5,18,108,389],[487,18,486,19],[3,16,338,123]];504
8467200.td1;[0, 0, 0, -189000, 31752000];[[1,18,0,1],[73,4,73,5],[379,116,379,271],[3,16,338,123],[487,18,486,19],[12,11,481,483],[1,0,18,1],[127,18,135,163],[5,18,108,389],[253,18,261,163]];504
8467200.te1;[0, 0, 0, -2315250, 1361367000];[[1,18,0,1],[73,4,73,5],[379,116,379,271],[3,16,338,123],[487,18,486,19],[12,11,481,483],[1,0,18,1],[127,18,135,163],[5,18,108,389],[253,18,261,163]];504
8467200.tf1;[0, 0, 0, -21000, 1176000];[[262,9,369,496],[262,503,253,154],[1,18,0,1],[10,9,243,496],[1,0,18,1],[12,11,481,483],[226,13,199,14],[5,18,108,389],[487,18,486,19],[3,16,338,123]];504
