46.a1;[1, -1, 0, -170, -812];[[2,1,91,0],[1,2,2,5],[25,162,160,23],[3,4,8,11],[181,4,180,5],[1,4,0,1],[97,4,10,9],[1,0,4,1]];184
46.a2;[1, -1, 0, -10, -12];[[1,2,2,5],[25,162,160,23],[10,1,87,0],[3,4,8,11],[93,4,2,9],[181,4,180,5],[1,4,0,1],[1,0,4,1]];184
56.b1;[0, -1, 0, -40, -84];[[1,2,2,5],[17,4,34,9],[2,1,27,0],[3,4,8,11],[9,50,48,7],[53,4,52,5],[1,4,0,1],[1,0,4,1]];56
56.b2;[0, -1, 0, 0, -4];[[1,2,2,5],[29,4,2,9],[3,4,8,11],[9,50,48,7],[34,1,39,0],[53,4,52,5],[1,4,0,1],[1,0,4,1]];56
69.a1;[1, 0, 1, -16, -25];[[1,2,2,5],[1,4,0,1],[97,4,194,9],[273,4,272,5],[208,73,69,208],[1,0,4,1],[3,4,8,11],[94,1,91,0]];276
69.a2;[1, 0, 1, -1, -1];[[1,0,4,1],[185,4,94,9],[3,4,8,11],[1,2,2,5],[194,1,179,0],[1,4,0,1],[273,4,272,5],[73,208,68,207]];276
77.c1;[1, 1, 0, -51, 110];[[1,0,4,1],[3,4,8,11],[1,2,2,5],[1,4,0,1],[45,4,90,9],[114,1,251,0],[232,81,77,232],[305,4,304,5]];308
77.c2;[1, 1, 0, 4, 11];[[1,0,4,1],[90,1,263,0],[3,4,8,11],[1,2,2,5],[1,4,0,1],[81,232,76,231],[57,4,114,9],[305,4,304,5]];308
82.a1;[1, 0, 1, -12, -16];[[1,0,4,1],[3,4,8,11],[289,42,40,287],[325,4,324,5],[1,2,2,5],[1,4,0,1],[129,4,258,9],[2,1,163,0]];328
82.a2;[1, 0, 1, -2, 0];[[1,0,4,1],[3,4,8,11],[289,42,40,287],[325,4,324,5],[1,2,2,5],[1,4,0,1],[165,4,2,9],[258,1,199,0]];328
84.a1;[0, -1, 0, -36, -72];[[64,25,21,64],[62,1,11,0],[1,4,0,1],[29,4,58,9],[1,0,4,1],[81,4,80,5],[3,4,8,11],[1,2,2,5]];84
84.a2;[0, -1, 0, -1, -2];[[73,4,62,9],[1,4,0,1],[25,64,20,63],[1,0,4,1],[3,4,8,11],[81,4,80,5],[58,1,55,0],[1,2,2,5]];84
94.a1;[1, -1, 1, -10, -9];[[1,0,4,1],[3,4,8,11],[1,2,2,5],[1,4,0,1],[49,330,328,47],[2,1,187,0],[373,4,372,5],[193,4,10,9]];376
94.a2;[1, -1, 1, 0, -1];[[189,4,2,9],[1,0,4,1],[3,4,8,11],[1,2,2,5],[1,4,0,1],[49,330,328,47],[373,4,372,5],[10,1,183,0]];376
99.a1;[1, -1, 1, -17, 30];[[1,2,2,5],[92,1,43,0],[3,4,8,11],[100,37,33,100],[1,4,0,1],[13,4,26,9],[1,0,4,1],[129,4,128,5]];132
99.a2;[1, -1, 1, -2, 0];[[1,2,2,5],[92,1,43,0],[37,100,32,99],[3,4,8,11],[26,1,119,0],[1,4,0,1],[129,4,128,5],[1,0,4,1]];132
99.c1;[1, -1, 0, -150, -667];[[1,2,2,5],[92,1,43,0],[3,4,8,11],[100,37,33,100],[1,4,0,1],[13,4,26,9],[1,0,4,1],[129,4,128,5]];132
99.c2;[1, -1, 0, -15, 8];[[1,2,2,5],[92,1,43,0],[37,100,32,99],[3,4,8,11],[26,1,119,0],[1,4,0,1],[129,4,128,5],[1,0,4,1]];132
102.a1;[1, 1, 0, -2, 0];[[1,2,2,5],[89,52,16,119],[3,4,8,11],[133,4,132,5],[1,4,0,1],[74,1,31,0],[69,4,2,9],[1,0,4,1]];136
102.a2;[1, 1, 0, 8, 10];[[133,4,132,5],[2,1,67,0],[1,4,0,1],[52,89,17,120],[1,0,4,1],[3,4,8,11],[1,2,2,5],[105,4,74,9]];136
112.a1;[0, 1, 0, -40, 84];[[1,2,2,5],[17,4,34,9],[2,1,27,0],[3,4,8,11],[9,50,48,7],[53,4,52,5],[1,4,0,1],[1,0,4,1]];56
112.a2;[0, 1, 0, 0, 4];[[1,2,2,5],[29,4,2,9],[3,4,8,11],[9,50,48,7],[34,1,39,0],[53,4,52,5],[1,4,0,1],[1,0,4,1]];56
114.a1;[1, 1, 0, -95, -399];[[1,0,4,1],[3,4,8,11],[194,1,359,0],[1,2,2,5],[154,1,151,0],[1,4,0,1],[453,4,452,5],[229,4,2,9],[289,172,56,399]];456
114.a2;[1, 1, 0, -85, -473];[[1,2,2,5],[305,4,154,9],[1,4,0,1],[97,4,194,9],[172,289,57,400],[453,4,452,5],[2,1,227,0],[1,0,4,1],[3,4,8,11]];456
132.a1;[0, -1, 0, -1292, 18312];[[1,2,2,5],[46,1,43,0],[3,4,8,11],[100,37,33,100],[1,4,0,1],[13,4,26,9],[1,0,4,1],[129,4,128,5]];132
132.a2;[0, -1, 0, -77, 330];[[89,4,46,9],[1,2,2,5],[37,100,32,99],[3,4,8,11],[26,1,119,0],[1,4,0,1],[129,4,128,5],[1,0,4,1]];132
132.b1;[0, 1, 0, -12, -12];[[1,2,2,5],[46,1,43,0],[3,4,8,11],[100,37,33,100],[1,4,0,1],[13,4,26,9],[1,0,4,1],[129,4,128,5]];132
132.b2;[0, 1, 0, 3, 0];[[89,4,46,9],[1,2,2,5],[37,100,32,99],[3,4,8,11],[26,1,119,0],[1,4,0,1],[129,4,128,5],[1,0,4,1]];132
136.b1;[0, -1, 0, -48, 140];[[133,4,132,5],[2,1,67,0],[1,4,0,1],[1,0,4,1],[3,4,8,11],[121,18,16,119],[1,2,2,5],[105,4,74,9]];136
136.b2;[0, -1, 0, -8, -4];[[133,4,132,5],[1,4,0,1],[74,1,31,0],[1,0,4,1],[69,4,2,9],[3,4,8,11],[121,18,16,119],[1,2,2,5]];136
138.a1;[1, 1, 0, -31, 55];[[1,0,4,1],[3,4,8,11],[1,2,2,5],[97,4,194,9],[1,4,0,1],[484,73,345,208],[370,1,367,0],[549,4,548,5],[2,1,275,0]];552
138.a2;[1, 1, 0, -1, 1];[[185,4,370,9],[1,0,4,1],[3,4,8,11],[1,2,2,5],[1,4,0,1],[73,484,344,207],[549,4,548,5],[194,1,455,0],[277,4,2,9]];552
141.b1;[1, 1, 1, -143, -718];[[1,0,4,1],[3,4,8,11],[1,2,2,5],[424,145,141,424],[1,4,0,1],[561,4,560,5],[190,1,187,0],[193,4,386,9]];564
141.b2;[1, 1, 1, -8, -16];[[145,424,140,423],[1,2,2,5],[1,4,0,1],[386,1,371,0],[561,4,560,5],[1,0,4,1],[3,4,8,11],[377,4,190,9]];564
142.b1;[1, -1, 0, -41, -91];[[1,0,4,1],[3,4,8,11],[73,498,496,71],[1,2,2,5],[565,4,564,5],[1,4,0,1],[2,1,283,0],[433,4,298,9]];568
142.b2;[1, -1, 0, -1, -3];[[1,0,4,1],[3,4,8,11],[73,498,496,71],[1,2,2,5],[565,4,564,5],[1,4,0,1],[298,1,135,0],[285,4,2,9]];568
154.a1;[1, -1, 0, -469, 4029];[[1,0,4,1],[353,4,90,9],[3,4,8,11],[613,4,612,5],[1,2,2,5],[1,4,0,1],[2,1,307,0],[540,81,385,232],[114,1,559,0]];616
154.a2;[1, -1, 0, -29, 69];[[1,0,4,1],[3,4,8,11],[613,4,612,5],[90,1,263,0],[1,2,2,5],[1,4,0,1],[309,4,2,9],[57,4,114,9],[81,540,384,231]];616
154.b1;[1, 1, 0, -234, -1480];[[1,0,4,1],[3,4,8,11],[1,2,2,5],[1,4,0,1],[45,4,90,9],[114,1,251,0],[232,81,77,232],[305,4,304,5]];308
154.b2;[1, 1, 0, -14, -28];[[1,0,4,1],[90,1,263,0],[3,4,8,11],[1,2,2,5],[1,4,0,1],[81,232,76,231],[57,4,114,9],[305,4,304,5]];308
155.b1;[1, 1, 1, -26, -62];[[1,0,4,1],[3,4,8,11],[1,2,2,5],[1,4,0,1],[561,4,502,9],[374,1,123,0],[157,466,464,155],[617,4,616,5]];620
155.b2;[1, 1, 1, -1, -2];[[1,0,4,1],[3,4,8,11],[1,2,2,5],[1,4,0,1],[497,4,374,9],[502,1,59,0],[157,466,464,155],[617,4,616,5]];620
156.a1;[0, -1, 0, -20, -24];[[145,4,134,9],[1,2,2,5],[106,1,103,0],[40,121,117,40],[3,4,8,11],[153,4,152,5],[1,4,0,1],[1,0,4,1]];156
156.a2;[0, -1, 0, -5, 6];[[1,2,2,5],[53,4,106,9],[134,1,11,0],[3,4,8,11],[153,4,152,5],[121,40,116,39],[1,4,0,1],[1,0,4,1]];156
158.e1;[1, 1, 1, -9, 5];[[1,2,2,5],[81,554,552,79],[1,4,0,1],[161,4,322,9],[2,1,315,0],[1,0,4,1],[629,4,628,5],[3,4,8,11]];632
158.e2;[1, 1, 1, 1, 1];[[1,0,4,1],[322,1,471,0],[3,4,8,11],[81,554,552,79],[1,2,2,5],[1,4,0,1],[317,4,2,9],[629,4,628,5]];632
178.a1;[1, 1, 0, -684, 6608];[[1,0,4,1],[3,4,8,11],[1,2,2,5],[1,4,0,1],[625,90,88,623],[709,4,708,5],[2,1,355,0],[537,4,362,9]];712
178.a2;[1, 1, 0, -44, 80];[[1,0,4,1],[3,4,8,11],[1,2,2,5],[1,4,0,1],[625,90,88,623],[357,4,2,9],[709,4,708,5],[362,1,175,0]];712
184.c1;[0, 0, 0, -35, 62];[[2,1,91,0],[1,2,2,5],[25,162,160,23],[3,4,8,11],[181,4,180,5],[1,4,0,1],[97,4,10,9],[1,0,4,1]];184
184.c2;[0, 0, 0, 5, 6];[[1,2,2,5],[25,162,160,23],[10,1,87,0],[3,4,8,11],[93,4,2,9],[181,4,180,5],[1,4,0,1],[1,0,4,1]];184
194.a1;[1, -1, 1, -13, 19];[[1,0,4,1],[3,4,8,11],[773,4,772,5],[1,2,2,5],[1,4,0,1],[2,1,387,0],[393,4,10,9],[681,98,96,679]];776
194.a2;[1, -1, 1, -3, -1];[[1,0,4,1],[3,4,8,11],[773,4,772,5],[389,4,2,9],[1,2,2,5],[1,4,0,1],[10,1,383,0],[681,98,96,679]];776
203.c1;[1, 1, 0, -154, 675];[[205,610,608,203],[1,2,2,5],[1,4,0,1],[758,1,27,0],[1,0,4,1],[465,4,118,9],[3,4,8,11],[809,4,808,5]];812
203.c2;[1, 1, 0, -9, 8];[[1,0,4,1],[785,4,758,9],[3,4,8,11],[1,2,2,5],[809,4,808,5],[1,4,0,1],[118,1,347,0],[205,610,608,203]];812
205.c1;[1, 1, 0, -27, 44];[[1,0,4,1],[617,206,204,615],[3,4,8,11],[1,2,2,5],[1,4,0,1],[621,4,422,9],[817,4,816,5],[494,1,163,0]];820
205.c2;[1, 1, 0, -2, -1];[[1,0,4,1],[617,206,204,615],[3,4,8,11],[1,2,2,5],[1,4,0,1],[657,4,494,9],[817,4,816,5],[422,1,199,0]];820
206.a1;[1, 1, 0, -8, -10];[[1,0,4,1],[3,4,8,11],[1,2,2,5],[1,4,0,1],[2,1,411,0],[105,722,720,103],[821,4,820,5],[417,4,10,9]];824
206.a2;[1, 1, 0, 2, 0];[[1,0,4,1],[3,4,8,11],[413,4,2,9],[1,2,2,5],[1,4,0,1],[10,1,407,0],[105,722,720,103],[821,4,820,5]];824
207.a1;[1, -1, 1, -140, 668];[[1,2,2,5],[1,4,0,1],[97,4,194,9],[273,4,272,5],[208,73,69,208],[1,0,4,1],[3,4,8,11],[94,1,91,0]];276
207.a2;[1, -1, 1, -5, 20];[[1,0,4,1],[185,4,94,9],[3,4,8,11],[1,2,2,5],[194,1,179,0],[1,4,0,1],[273,4,272,5],[73,208,68,207]];276
213.a1;[1, 0, 1, -15, 19];[[1,0,4,1],[849,4,848,5],[3,4,8,11],[1,2,2,5],[1,4,0,1],[286,1,283,0],[640,217,213,640],[433,4,14,9]];852
213.a2;[1, 0, 1, 0, 1];[[1,0,4,1],[849,4,848,5],[3,4,8,11],[1,2,2,5],[14,1,419,0],[1,4,0,1],[569,4,286,9],[217,640,212,639]];852
219.c1;[1, 1, 0, -1297, -18530];[[1,0,4,1],[3,4,8,11],[1,2,2,5],[1,4,0,1],[873,4,872,5],[586,1,583,0],[589,4,302,9],[220,661,657,220]];876
219.c2;[1, 1, 0, -82, -305];[[1,0,4,1],[3,4,8,11],[1,2,2,5],[661,220,656,219],[1,4,0,1],[873,4,872,5],[302,1,287,0],[293,4,586,9]];876
220.b1;[0, -1, 0, -60, 200];[[1,2,2,5],[202,1,119,0],[217,4,216,5],[56,169,165,56],[3,4,8,11],[177,4,134,9],[1,4,0,1],[1,0,4,1]];220
220.b2;[0, -1, 0, -5, 2];[[134,1,43,0],[1,2,2,5],[217,4,216,5],[3,4,8,11],[101,4,202,9],[1,4,0,1],[169,56,164,55],[1,0,4,1]];220
221.a1;[1, -1, 1, -11718, 491144];[[1,0,4,1],[3,4,8,11],[1,2,2,5],[1,4,0,1],[881,4,880,5],[105,4,210,9],[342,1,271,0],[665,222,220,663]];884
221.a2;[1, -1, 1, -733, 7804];[[1,0,4,1],[3,4,8,11],[1,2,2,5],[1,4,0,1],[881,4,880,5],[210,1,779,0],[613,4,342,9],[665,222,220,663]];884
224.a1;[0, 1, 0, -8, -8];[[1,2,2,5],[17,4,34,9],[2,1,27,0],[3,4,8,11],[9,50,48,7],[53,4,52,5],[1,4,0,1],[1,0,4,1]];56
224.a2;[0, 1, 0, 2, 0];[[1,2,2,5],[29,4,2,9],[3,4,8,11],[9,50,48,7],[34,1,39,0],[53,4,52,5],[1,4,0,1],[1,0,4,1]];56
224.b1;[0, -1, 0, -8, 8];[[1,2,2,5],[17,4,34,9],[2,1,27,0],[3,4,8,11],[9,50,48,7],[53,4,52,5],[1,4,0,1],[1,0,4,1]];56
224.b2;[0, -1, 0, 2, 0];[[1,2,2,5],[29,4,2,9],[3,4,8,11],[9,50,48,7],[34,1,39,0],[53,4,52,5],[1,4,0,1],[1,0,4,1]];56
226.a1;[1, 0, 0, -45, -119];[[1,0,4,1],[3,4,8,11],[1,2,2,5],[681,4,458,9],[1,4,0,1],[2,1,451,0],[793,114,112,791],[901,4,900,5]];904
226.a2;[1, 0, 0, -5, 1];[[1,0,4,1],[3,4,8,11],[1,2,2,5],[1,4,0,1],[458,1,223,0],[793,114,112,791],[453,4,2,9],[901,4,900,5]];904
228.b1;[0, -1, 0, -92, 360];[[172,61,57,172],[194,1,131,0],[1,4,0,1],[225,4,224,5],[1,0,4,1],[77,4,154,9],[3,4,8,11],[1,2,2,5]];228
228.b2;[0, -1, 0, 3, 18];[[97,4,194,9],[61,172,56,171],[225,4,224,5],[1,4,0,1],[154,1,151,0],[1,0,4,1],[3,4,8,11],[1,2,2,5]];228
234.a1;[1, -1, 0, -63, 209];[[145,4,134,9],[1,2,2,5],[40,121,117,40],[3,4,8,11],[153,4,152,5],[56,1,103,0],[1,4,0,1],[1,0,4,1]];156
234.a2;[1, -1, 0, -3, 5];[[1,2,2,5],[134,1,11,0],[3,4,8,11],[153,4,152,5],[56,1,103,0],[121,40,116,39],[1,4,0,1],[1,0,4,1]];156
234.d1;[1, -1, 1, -569, -5075];[[145,4,134,9],[1,2,2,5],[40,121,117,40],[3,4,8,11],[153,4,152,5],[56,1,103,0],[1,4,0,1],[1,0,4,1]];156
234.d2;[1, -1, 1, -29, -107];[[1,2,2,5],[134,1,11,0],[3,4,8,11],[153,4,152,5],[56,1,103,0],[121,40,116,39],[1,4,0,1],[1,0,4,1]];156
238.a1;[1, -1, 0, -8, 6];[[409,4,818,9],[1,2,2,5],[121,834,832,119],[1,4,0,1],[1,0,4,1],[3,4,8,11],[949,4,948,5],[785,4,618,9],[2,1,475,0]];952
238.a2;[1, -1, 0, 2, 0];[[1,0,4,1],[121,834,832,119],[3,4,8,11],[1,2,2,5],[1,4,0,1],[949,4,948,5],[618,1,167,0],[818,1,543,0],[477,4,2,9]];952
238.b1;[1, 1, 0, -128, -160];[[1,2,2,5],[17,4,34,9],[2,1,27,0],[3,4,8,11],[9,50,48,7],[53,4,52,5],[1,4,0,1],[1,0,4,1]];56
238.b2;[1, 1, 0, 32, 0];[[1,2,2,5],[29,4,2,9],[3,4,8,11],[9,50,48,7],[34,1,39,0],[53,4,52,5],[1,4,0,1],[1,0,4,1]];56
238.c1;[1, 0, 0, -700, 7056];[[133,4,132,5],[2,1,67,0],[1,4,0,1],[1,0,4,1],[3,4,8,11],[121,18,16,119],[1,2,2,5],[105,4,74,9]];136
238.c2;[1, 0, 0, -60, 16];[[133,4,132,5],[1,4,0,1],[74,1,31,0],[1,0,4,1],[69,4,2,9],[3,4,8,11],[121,18,16,119],[1,2,2,5]];136
238.e1;[1, 1, 1, -28, -5];[[133,4,132,5],[2,1,67,0],[1,4,0,1],[1,0,4,1],[3,4,8,11],[121,18,16,119],[1,2,2,5],[105,4,74,9]];136
238.e2;[1, 1, 1, -18, -37];[[133,4,132,5],[1,4,0,1],[74,1,31,0],[1,0,4,1],[69,4,2,9],[3,4,8,11],[121,18,16,119],[1,2,2,5]];136
245.a1;[0, 0, 1, -7, 12];[[31,4,31,5],[1,74,4,157],[1,0,6,1],[6,5,199,201],[127,6,171,19],[1,6,0,1],[205,6,204,7]];210
245.b1;[0, 0, 1, -343, -4202];[[88,3,39,208],[124,1,7,2],[1,6,0,1],[1,0,6,1],[1,74,4,157],[6,5,199,201],[205,6,204,7]];210
246.a1;[1, 1, 0, -66, 180];[[1,0,4,1],[3,4,8,11],[325,4,324,5],[1,2,2,5],[1,4,0,1],[165,4,2,9],[209,124,40,287],[258,1,199,0]];328
246.a2;[1, 1, 0, -26, 444];[[1,0,4,1],[3,4,8,11],[325,4,324,5],[124,209,41,288],[1,2,2,5],[1,4,0,1],[129,4,258,9],[2,1,163,0]];328
246.c1;[1, 0, 1, -453897, -117739700];[[1,0,4,1],[3,4,8,11],[325,4,324,5],[1,2,2,5],[1,4,0,1],[165,4,2,9],[209,124,40,287],[258,1,199,0]];328
246.c2;[1, 0, 1, -453257, -118088116];[[1,0,4,1],[3,4,8,11],[325,4,324,5],[124,209,41,288],[1,2,2,5],[1,4,0,1],[129,4,258,9],[2,1,163,0]];328
248.b1;[0, 1, 0, -32, -32];[[1,2,2,5],[2,1,123,0],[33,218,216,31],[65,4,130,9],[3,4,8,11],[245,4,244,5],[1,4,0,1],[1,0,4,1]];248
248.b2;[0, 1, 0, 8, 0];[[1,2,2,5],[125,4,2,9],[33,218,216,31],[3,4,8,11],[245,4,244,5],[130,1,183,0],[1,4,0,1],[1,0,4,1]];248
252.a1;[0, 0, 0, -327, 2270];[[64,25,21,64],[62,1,11,0],[1,4,0,1],[29,4,58,9],[1,0,4,1],[81,4,80,5],[3,4,8,11],[1,2,2,5]];84
252.a2;[0, 0, 0, -12, 65];[[73,4,62,9],[1,4,0,1],[25,64,20,63],[1,0,4,1],[3,4,8,11],[81,4,80,5],[58,1,55,0],[1,2,2,5]];84
254.c1;[1, 0, 0, -8, -2];[[1,0,4,1],[3,4,8,11],[1,2,2,5],[1,4,0,1],[257,4,514,9],[1013,4,1012,5],[2,1,507,0],[129,890,888,127]];1016
254.c2;[1, 0, 0, 2, 0];[[1,0,4,1],[3,4,8,11],[1,2,2,5],[1,4,0,1],[514,1,759,0],[509,4,2,9],[1013,4,1012,5],[129,890,888,127]];1016
