675.b1;[1, -1, 1, -5, 2];[[1,0,10,1],[5,8,8,1],[6,5,25,21],[1,10,0,1],[51,10,50,11],[3,13,53,22],[6,5,25,56],[28,5,11,42]];60
675.c1;[1, -1, 1, -1055, -3428];[[1,0,10,1],[5,8,8,1],[6,5,25,21],[1,10,0,1],[51,10,50,11],[3,13,53,22],[6,5,25,56],[28,5,11,42]];60
675.g1;[1, -1, 0, -117, 166];[[3,10,31,37],[5,8,8,1],[31,10,35,51],[51,10,50,11],[3,13,53,22],[1,0,10,1],[6,5,25,21],[1,10,0,1]];60
675.h1;[1, -1, 0, -42, -19];[[1,0,10,1],[5,8,8,1],[6,5,25,21],[1,10,0,1],[51,10,50,11],[3,13,53,22],[6,5,25,56],[28,5,11,42]];60
1044.f1;[0, 0, 0, -345, 5157];[[3,10,301,37],[1,271,261,88],[5,8,758,691],[6,5,25,21],[1,0,10,1],[1,10,0,1],[31,10,155,51],[861,10,860,11]];870
1044.g1;[0, 0, 0, -3105, -139239];[[186,5,715,866],[1,271,261,88],[5,8,758,691],[298,5,551,852],[6,5,25,21],[1,0,10,1],[1,10,0,1],[861,10,860,11]];870
3132.b1;[0, 0, 0, -28215, 1083726];[[1731,10,1730,11],[1,271,261,88],[1168,5,551,1722],[6,5,865,1736],[6,5,25,21],[186,5,715,1736],[1,0,10,1],[1,10,0,1],[5,8,1628,1561]];1740
3132.c1;[0, 0, 0, -3135, -40138];[[1731,10,1730,11],[1,271,261,88],[6,5,25,21],[1,0,10,1],[3,10,1171,37],[1,10,0,1],[5,8,1628,1561],[871,10,875,51],[901,10,1025,51]];1740
4176.p1;[0, 0, 0, -3105, 139239];[[3,10,301,37],[1,271,261,88],[5,8,758,691],[6,5,25,21],[1,0,10,1],[1,10,0,1],[31,10,155,51],[861,10,860,11]];870
4176.q1;[0, 0, 0, -345, -5157];[[3,10,301,37],[1,271,261,88],[5,8,758,691],[6,5,25,21],[1,0,10,1],[1,10,0,1],[31,10,155,51],[861,10,860,11]];870
4900.c1;[0, 1, 0, -58, 153];[[61,10,60,11],[1,0,10,1],[6,5,25,21],[1,10,0,1],[5,8,28,31],[3,3,43,62],[23,10,61,37]];70
4900.d1;[0, 1, 0, -71458, -7415787];[[61,10,60,11],[1,0,10,1],[6,5,25,21],[1,10,0,1],[5,8,28,31],[3,3,43,62],[23,10,61,37]];70
4900.r1;[0, -1, 0, -2858, -58183];[[61,10,60,11],[1,0,10,1],[6,5,25,21],[1,10,0,1],[38,5,11,52],[5,8,28,31],[3,3,43,62]];70
4900.s1;[0, -1, 0, -1458, 22037];[[61,10,60,11],[1,0,10,1],[6,5,25,21],[1,10,0,1],[5,8,28,31],[3,3,43,62],[23,10,61,37]];70
6372.e1;[0, 0, 0, -43605, -2755431];[[6,5,25,21],[1761,10,1760,11],[1,541,531,178],[1,0,10,1],[3,10,601,37],[5,8,1658,1591],[61,10,305,51],[1,10,0,1]];1770
6372.f1;[0, 0, 0, -4845, 102053];[[6,5,25,21],[1761,10,1760,11],[1,541,531,178],[1,0,10,1],[3,10,601,37],[5,8,1658,1591],[61,10,305,51],[1,10,0,1]];1770
6507.a1;[0, 0, 1, -46110, 3870549];[[4828,5,2381,7212],[7221,10,7220,11],[5826,5,7195,7226],[6,5,25,21],[5,8,7118,7051],[1,0,10,1],[1,10,0,1],[1,5071,5061,6508]];7230
6507.b1;[0, 0, 1, -414990, -104504830];[[5,8,7118,7051],[6,5,25,21],[1,5071,5061,6508],[1,0,10,1],[5791,10,35,51],[7221,10,7220,11],[3,10,4831,37],[1,10,0,1]];7230
6588.c1;[0, 0, 0, -4798545, -4045875099];[[6,5,25,21],[1771,10,1535,51],[3,10,1231,37],[1821,10,1820,11],[1,0,10,1],[1,1291,1281,1648],[5,8,1718,1651],[1,10,0,1]];1830
6588.f1;[0, 0, 0, -43186905, 109238627673];[[6,5,25,21],[1771,10,1535,51],[3,10,1231,37],[1821,10,1820,11],[1,0,10,1],[1,1291,1281,1648],[5,8,1718,1651],[1,10,0,1]];1830
9693.f1;[0, 0, 1, -15180, -381475];[[10761,10,10760,11],[1,3241,3231,1078],[6,5,25,21],[1,0,10,1],[1,10,0,1],[3,10,3601,37],[2161,10,35,51],[5,8,10658,10591]];10770
9693.g1;[0, 0, 1, -136620, 10299818];[[10761,10,10760,11],[1,3241,3231,1078],[6,5,25,21],[1,0,10,1],[1,10,0,1],[3,10,3601,37],[2161,10,35,51],[5,8,10658,10591]];10770
9756.d1;[0, 0, 0, -938520, 324685044];[[3,10,5431,37],[1,5701,5691,7318],[6,5,25,21],[1,0,10,1],[6781,10,1385,51],[1,10,0,1],[5,8,8018,7951],[8121,10,8120,11]];8130
9756.e1;[0, 0, 0, -104280, -12025372];[[3,10,5431,37],[1,5701,5691,7318],[6,5,25,21],[1,0,10,1],[6781,10,1385,51],[1,10,0,1],[5,8,8018,7951],[8121,10,8120,11]];8130
10800.bx1;[0, 0, 0, -16875, 236250];[[3,10,31,37],[5,8,8,1],[31,10,35,51],[51,10,50,11],[3,13,53,22],[1,0,10,1],[6,5,25,21],[1,10,0,1]];60
10800.by1;[0, 0, 0, -675, 1890];[[3,10,31,37],[5,8,8,1],[31,10,35,51],[51,10,50,11],[3,13,53,22],[1,0,10,1],[6,5,25,21],[1,10,0,1]];60
10800.cb1;[0, 0, 0, -1875, -8750];[[1,0,10,1],[5,8,8,1],[6,5,25,21],[1,10,0,1],[51,10,50,11],[3,13,53,22],[6,5,25,56],[28,5,11,42]];60
10800.cc1;[0, 0, 0, -75, -70];[[3,10,31,37],[5,8,8,1],[31,10,35,51],[51,10,50,11],[3,13,53,22],[1,0,10,1],[6,5,25,21],[1,10,0,1]];60
12528.o1;[0, 0, 0, -28215, -1083726];[[1731,10,1730,11],[1,271,261,88],[6,5,25,21],[1,0,10,1],[3,10,1171,37],[1,10,0,1],[5,8,1628,1561],[871,10,875,51],[901,10,1025,51]];1740
12528.p1;[0, 0, 0, -3135, 40138];[[1731,10,1730,11],[1,271,261,88],[6,5,25,21],[1,0,10,1],[3,10,1171,37],[1,10,0,1],[5,8,1628,1561],[871,10,875,51],[901,10,1025,51]];1740
12996.a1;[0, 0, 0, -12312, 525825];[[11,51,3,14],[56,5,15,16],[31,5,45,16],[41,20,40,21],[1,20,0,1],[1,0,20,1],[1,4,16,5],[37,20,24,1]];60
12996.b1;[0, 0, 0, -4444632, -3606633675];[[11,51,3,14],[56,5,15,16],[31,5,45,16],[41,20,40,21],[1,20,0,1],[1,0,20,1],[1,4,16,5],[37,20,24,1]];60
12996.o1;[0, 0, 0, -1368, -19475];[[11,51,3,14],[56,5,15,16],[31,5,45,16],[41,20,40,21],[1,20,0,1],[1,0,20,1],[1,4,16,5],[37,20,24,1]];60
12996.p1;[0, 0, 0, -493848, 133579025];[[11,51,3,14],[56,5,15,16],[31,5,45,16],[41,20,40,21],[1,20,0,1],[1,0,20,1],[1,4,16,5],[37,20,24,1]];60
13225.e1;[1, 0, 0, -35638, -2592483];[[5,8,348,281],[6,5,25,21],[1,0,10,1],[1,10,0,1],[383,10,331,37],[231,10,235,51],[451,10,450,11],[1,171,161,208]];460
13225.f1;[1, 0, 0, -18852513, 31505035642];[[5,8,348,281],[6,5,25,21],[1,0,10,1],[1,10,0,1],[383,10,331,37],[231,10,235,51],[451,10,450,11],[1,171,161,208]];460
13225.k1;[1, 1, 0, -754100, 251738645];[[5,8,348,281],[6,5,225,456],[408,5,131,442],[6,5,25,21],[1,0,10,1],[1,10,0,1],[451,10,450,11],[1,171,161,208]];460
13225.l1;[1, 1, 0, -1425, -21310];[[5,8,348,281],[6,5,25,21],[1,0,10,1],[1,10,0,1],[383,10,331,37],[231,10,235,51],[451,10,450,11],[1,171,161,208]];460
13671.k1;[0, 0, 1, -370440, 3354797];[[3,10,631,37],[921,10,920,11],[871,10,635,51],[6,5,25,21],[1,0,10,1],[1,661,651,838],[1,10,0,1],[5,8,818,751]];930
13671.l1;[0, 0, 1, -7560, -9781];[[921,10,920,11],[6,5,25,21],[1,0,10,1],[1,661,651,838],[1,10,0,1],[628,5,281,912],[576,5,295,926],[5,8,818,751]];930
13671.m1;[0, 0, 1, -41160, -124252];[[921,10,920,11],[6,5,25,21],[1,0,10,1],[1,661,651,838],[1,10,0,1],[628,5,281,912],[576,5,295,926],[5,8,818,751]];930
13671.n1;[0, 0, 1, -840, 362];[[921,10,920,11],[6,5,25,21],[1,0,10,1],[1,661,651,838],[1,10,0,1],[628,5,281,912],[576,5,295,926],[5,8,818,751]];930
16173.c1;[0, 0, 1, -11080260, 14195116667];[[3601,10,35,51],[6,5,25,21],[1,0,10,1],[1,10,0,1],[1,5401,5391,1798],[5,8,17858,17791],[17961,10,17960,11],[3,10,6001,37]];17970
16173.d1;[0, 0, 1, -1231140, -525745062];[[3601,10,35,51],[6,5,25,21],[1,0,10,1],[1,10,0,1],[1,5401,5391,1798],[5,8,17858,17791],[17961,10,17960,11],[3,10,6001,37]];17970
16704.bm1;[0, 0, 0, -1380, -41256];[[3,10,301,37],[1,271,261,88],[5,8,758,691],[6,5,25,21],[1,0,10,1],[1,10,0,1],[31,10,155,51],[861,10,860,11]];870
16704.bq1;[0, 0, 0, -12420, 1113912];[[186,5,715,866],[1,271,261,88],[5,8,758,691],[298,5,551,852],[6,5,25,21],[1,0,10,1],[1,10,0,1],[861,10,860,11]];870
16704.br1;[0, 0, 0, -12420, -1113912];[[3,10,301,37],[1,271,261,88],[5,8,758,691],[6,5,25,21],[1,0,10,1],[1,10,0,1],[31,10,155,51],[861,10,860,11]];870
16704.bv1;[0, 0, 0, -1380, 41256];[[186,5,715,866],[1,271,261,88],[5,8,758,691],[298,5,551,852],[6,5,25,21],[1,0,10,1],[1,10,0,1],[861,10,860,11]];870
18324.e1;[0, 0, 0, -8521335, 9553522158];[[6,5,25,21],[5,8,30428,30361],[1,0,10,1],[15781,10,17825,51],[15271,10,15275,51],[30531,10,30530,11],[1,4591,4581,1528],[3,10,20371,37],[1,10,0,1]];30540
18324.f1;[0, 0, 0, -946815, -353834154];[[6,5,25,21],[5,8,30428,30361],[1,0,10,1],[15781,10,17825,51],[15271,10,15275,51],[30531,10,30530,11],[1,4591,4581,1528],[3,10,20371,37],[1,10,0,1]];30540
19575.b1;[1, -1, 1, -1114805, 453731572];[[3,10,301,37],[3,793,53,322],[5,8,758,691],[6,5,25,21],[1,0,10,1],[1,10,0,1],[31,10,155,51],[861,10,860,11]];870
19575.i1;[1, -1, 1, -4955, -133118];[[3,10,301,37],[3,793,53,322],[5,8,758,691],[6,5,25,21],[1,0,10,1],[1,10,0,1],[31,10,155,51],[861,10,860,11]];870
19575.n1;[1, -1, 0, -123867, -16763584];[[186,5,715,866],[3,793,53,322],[5,8,758,691],[298,5,551,852],[6,5,25,21],[1,0,10,1],[1,10,0,1],[861,10,860,11]];870
19575.u1;[1, -1, 0, -44592, 3638771];[[186,5,715,866],[3,793,53,322],[5,8,758,691],[298,5,551,852],[6,5,25,21],[1,0,10,1],[1,10,0,1],[861,10,860,11]];870
19600.v1;[0, 1, 0, -1458, -22037];[[61,10,60,11],[1,0,10,1],[6,5,25,21],[1,10,0,1],[5,8,28,31],[3,3,43,62],[23,10,61,37]];70
19600.w1;[0, 1, 0, -2858, 58183];[[61,10,60,11],[1,0,10,1],[6,5,25,21],[1,10,0,1],[38,5,11,52],[5,8,28,31],[3,3,43,62]];70
19600.dq1;[0, -1, 0, -71458, 7415787];[[61,10,60,11],[1,0,10,1],[6,5,25,21],[1,10,0,1],[38,5,11,52],[5,8,28,31],[3,3,43,62]];70
19600.dr1;[0, -1, 0, -58, -153];[[61,10,60,11],[1,0,10,1],[6,5,25,21],[1,10,0,1],[5,8,28,31],[3,3,43,62],[23,10,61,37]];70
25488.u1;[0, 0, 0, -4845, -102053];[[6,5,25,21],[1761,10,1760,11],[1,541,531,178],[1,0,10,1],[3,10,601,37],[5,8,1658,1591],[61,10,305,51],[1,10,0,1]];1770
25488.x1;[0, 0, 0, -43605, 2755431];[[6,5,25,21],[1761,10,1760,11],[1,541,531,178],[1,0,10,1],[3,10,601,37],[5,8,1658,1591],[61,10,305,51],[1,10,0,1]];1770
26100.k1;[0, 0, 0, -8625, 644625];[[186,5,715,866],[1,271,261,88],[5,8,758,691],[298,5,551,852],[6,5,25,21],[1,0,10,1],[1,10,0,1],[861,10,860,11]];870
26100.q1;[0, 0, 0, -77625, -17404875];[[3,10,301,37],[1,271,261,88],[5,8,758,691],[6,5,25,21],[1,0,10,1],[1,10,0,1],[31,10,155,51],[861,10,860,11]];870
26352.h1;[0, 0, 0, -43186905, -109238627673];[[6,5,25,21],[1771,10,1535,51],[3,10,1231,37],[1821,10,1820,11],[1,0,10,1],[1,1291,1281,1648],[5,8,1718,1651],[1,10,0,1]];1830
26352.k1;[0, 0, 0, -4798545, 4045875099];[[6,5,25,21],[1771,10,1535,51],[3,10,1231,37],[1821,10,1820,11],[1,0,10,1],[1,1291,1281,1648],[5,8,1718,1651],[1,10,0,1]];1830
30276.k1;[0, 0, 0, -2611305, -3395899971];[[3,10,301,37],[1,271,261,88],[5,8,758,691],[6,5,25,21],[1,0,10,1],[1,10,0,1],[31,10,155,51],[861,10,860,11]];870
30276.l1;[0, 0, 0, -290145, 125774073];[[3,10,301,37],[1,271,261,88],[5,8,758,691],[6,5,25,21],[1,0,10,1],[1,10,0,1],[31,10,155,51],[861,10,860,11]];870
33075.h1;[1, -1, 1, -230, -318];[[1,0,10,1],[5,8,8,1],[6,5,25,21],[1,10,0,1],[51,10,50,11],[3,13,53,22],[6,5,25,56],[28,5,11,42]];60
33075.x1;[1, -1, 1, -51680, 1279072];[[1,0,10,1],[5,8,8,1],[6,5,25,21],[1,10,0,1],[51,10,50,11],[3,13,53,22],[6,5,25,56],[28,5,11,42]];60
33075.bv1;[1, -1, 0, -5742, -45459];[[3,10,31,37],[5,8,8,1],[31,10,35,51],[51,10,50,11],[3,13,53,22],[1,0,10,1],[6,5,25,21],[1,10,0,1]];60
33075.cl1;[1, -1, 0, -2067, 10646];[[3,10,31,37],[5,8,8,1],[31,10,35,51],[51,10,50,11],[3,13,53,22],[1,0,10,1],[6,5,25,21],[1,10,0,1]];60
33536.b1;[0, 1, 0, -57773, 5592715];[[3933,10,2586,5127],[3801,10,3285,51],[1,4071,1441,4848],[6,5,25,21],[1,0,10,1],[1,10,0,1],[5231,10,5230,11],[5,8,5128,5061],[2623,10,2631,37]];5240
33536.c1;[0, 1, 0, -14443, -706311];[[3933,10,2586,5127],[3801,10,3285,51],[1,4071,1441,4848],[6,5,25,21],[1,0,10,1],[1,10,0,1],[5231,10,5230,11],[5,8,5128,5061],[2623,10,2631,37]];5240
33536.f1;[0, -1, 0, -14443, 706311];[[3933,10,2586,5127],[3801,10,3285,51],[1,4071,1441,4848],[6,5,25,21],[1,0,10,1],[1,10,0,1],[5231,10,5230,11],[5,8,5128,5061],[2623,10,2631,37]];5240
33536.g1;[0, -1, 0, -57773, -5592715];[[3933,10,2586,5127],[3801,10,3285,51],[1,4071,1441,4848],[6,5,25,21],[1,0,10,1],[1,10,0,1],[5231,10,5230,11],[5,8,5128,5061],[2623,10,2631,37]];5240
34349.j1;[1, -1, 0, -7254557, 6385423694];[[1,14731,14721,4908],[6,5,25,21],[6,5,49065,98136],[1,0,10,1],[98131,10,98130,11],[70108,5,28011,98122],[93946,5,3495,98136],[5,8,98028,97961],[1,10,0,1]];98140
34349.k1;[1, -1, 0, -148052, -18574095];[[1,14731,14721,4908],[6,5,25,21],[6,5,49065,98136],[1,0,10,1],[98131,10,98130,11],[70108,5,28011,98122],[93946,5,3495,98136],[5,8,98028,97961],[1,10,0,1]];98140
39024.n1;[0, 0, 0, -104280, 12025372];[[3,10,5431,37],[1,5701,5691,7318],[6,5,25,21],[1,0,10,1],[6781,10,1385,51],[1,10,0,1],[5,8,8018,7951],[8121,10,8120,11]];8130
39024.o1;[0, 0, 0, -938520, -324685044];[[1,5701,5691,7318],[6,5,25,21],[1,0,10,1],[5428,5,2681,8112],[5,8,8018,7951],[36,5,6745,8126],[8121,10,8120,11],[1,10,0,1]];8130
43200.es1;[0, 0, 0, -300, -560];[[1,0,10,1],[5,8,8,1],[6,5,25,21],[1,10,0,1],[51,10,50,11],[3,13,53,22],[6,5,25,56],[28,5,11,42]];60
43200.et1;[0, 0, 0, -2700, -15120];[[3,10,31,37],[5,8,8,1],[31,10,35,51],[51,10,50,11],[3,13,53,22],[1,0,10,1],[6,5,25,21],[1,10,0,1]];60
43200.eu1;[0, 0, 0, -67500, -1890000];[[3,10,31,37],[5,8,8,1],[31,10,35,51],[51,10,50,11],[3,13,53,22],[1,0,10,1],[6,5,25,21],[1,10,0,1]];60
43200.ev1;[0, 0, 0, -7500, -70000];[[1,0,10,1],[5,8,8,1],[6,5,25,21],[1,10,0,1],[51,10,50,11],[3,13,53,22],[6,5,25,56],[28,5,11,42]];60
43200.fq1;[0, 0, 0, -300, 560];[[3,10,31,37],[5,8,8,1],[31,10,35,51],[51,10,50,11],[3,13,53,22],[1,0,10,1],[6,5,25,21],[1,10,0,1]];60
43200.fr1;[0, 0, 0, -2700, 15120];[[3,10,31,37],[5,8,8,1],[31,10,35,51],[51,10,50,11],[3,13,53,22],[1,0,10,1],[6,5,25,21],[1,10,0,1]];60
43200.fs1;[0, 0, 0, -67500, 1890000];[[1,0,10,1],[5,8,8,1],[6,5,25,21],[1,10,0,1],[51,10,50,11],[3,13,53,22],[6,5,25,56],[28,5,11,42]];60
43200.ft1;[0, 0, 0, -7500, 70000];[[3,10,31,37],[5,8,8,1],[31,10,35,51],[51,10,50,11],[3,13,53,22],[1,0,10,1],[6,5,25,21],[1,10,0,1]];60
43659.f1;[1, -1, 1, -4010, 98676];[[6,5,25,21],[1,0,10,1],[761,10,760,11],[1,241,231,78],[211,10,285,51],[5,8,658,591],[443,10,341,37],[1,10,0,1]];770
43659.h1;[1, -1, 1, -196475, -33453010];[[6,5,25,21],[1,0,10,1],[761,10,760,11],[1,241,231,78],[211,10,285,51],[5,8,658,591],[443,10,341,37],[1,10,0,1]];770
43659.u1;[1, -1, 0, -36087, -2628172];[[6,5,25,21],[1,0,10,1],[761,10,760,11],[1,241,231,78],[211,10,285,51],[5,8,658,591],[443,10,341,37],[1,10,0,1]];770
43659.w1;[1, -1, 0, -1768272, 904999535];[[6,5,25,21],[1,0,10,1],[761,10,760,11],[1,241,231,78],[211,10,285,51],[5,8,658,591],[443,10,341,37],[1,10,0,1]];770
44100.ck1;[0, 0, 0, -643125, 199583125];[[61,10,60,11],[1,0,10,1],[6,5,25,21],[1,10,0,1],[5,8,28,31],[3,3,43,62],[23,10,61,37]];70
44100.cl1;[0, 0, 0, -525, -4655];[[61,10,60,11],[1,0,10,1],[6,5,25,21],[1,10,0,1],[5,8,28,31],[3,3,43,62],[23,10,61,37]];70
44100.co1;[0, 0, 0, -13125, -581875];[[61,10,60,11],[1,0,10,1],[6,5,25,21],[1,10,0,1],[38,5,11,52],[5,8,28,31],[3,3,43,62]];70
44100.cp1;[0, 0, 0, -25725, 1596665];[[61,10,60,11],[1,0,10,1],[6,5,25,21],[1,10,0,1],[38,5,11,52],[5,8,28,31],[3,3,43,62]];70
50112.bk1;[0, 0, 0, -112860, -8669808];[[1731,10,1730,11],[1,271,261,88],[6,5,25,21],[1,0,10,1],[3,10,1171,37],[1,10,0,1],[5,8,1628,1561],[871,10,875,51],[901,10,1025,51]];1740
50112.bl1;[0, 0, 0, -112860, 8669808];[[1731,10,1730,11],[1,271,261,88],[6,5,25,21],[1,0,10,1],[3,10,1171,37],[1,10,0,1],[5,8,1628,1561],[871,10,875,51],[901,10,1025,51]];1740
50112.bm1;[0, 0, 0, -12540, 321104];[[1731,10,1730,11],[1,271,261,88],[1168,5,551,1722],[6,5,865,1736],[6,5,25,21],[186,5,715,1736],[1,0,10,1],[1,10,0,1],[5,8,1628,1561]];1740
50112.bn1;[0, 0, 0, -12540, -321104];[[1731,10,1730,11],[1,271,261,88],[6,5,25,21],[1,0,10,1],[3,10,1171,37],[1,10,0,1],[5,8,1628,1561],[871,10,875,51],[901,10,1025,51]];1740
51156.m1;[0, 0, 0, -16905, -1768851];[[3,10,301,37],[1,271,261,88],[5,8,758,691],[6,5,25,21],[1,0,10,1],[1,10,0,1],[31,10,155,51],[861,10,860,11]];870
51156.u1;[0, 0, 0, -152145, 47758977];[[3,10,301,37],[1,271,261,88],[5,8,758,691],[6,5,25,21],[1,0,10,1],[1,10,0,1],[31,10,155,51],[861,10,860,11]];870
51984.c1;[0, 0, 0, -12312, -525825];[[11,51,3,14],[56,5,15,16],[31,5,45,16],[41,20,40,21],[1,20,0,1],[1,0,20,1],[1,4,16,5],[37,20,24,1]];60
51984.d1;[0, 0, 0, -4444632, 3606633675];[[11,51,3,14],[56,5,15,16],[31,5,45,16],[41,20,40,21],[1,20,0,1],[1,0,20,1],[1,4,16,5],[37,20,24,1]];60
51984.cv1;[0, 0, 0, -1368, 19475];[[11,51,3,14],[56,5,15,16],[31,5,45,16],[41,20,40,21],[1,20,0,1],[1,0,20,1],[1,4,16,5],[37,20,24,1]];60
51984.cw1;[0, 0, 0, -493848, -133579025];[[11,51,3,14],[56,5,15,16],[31,5,45,16],[41,20,40,21],[1,20,0,1],[1,0,20,1],[1,4,16,5],[37,20,24,1]];60
52900.l1;[0, 0, 0, -575, -5290];[[5,8,348,281],[3,33,173,2],[6,5,225,456],[408,5,131,442],[6,5,25,21],[1,0,10,1],[1,10,0,1],[451,10,450,11]];460
52900.m1;[0, 0, 0, -7604375, 8045428750];[[5,8,348,281],[3,33,173,2],[6,5,225,456],[408,5,131,442],[6,5,25,21],[1,0,10,1],[1,10,0,1],[451,10,450,11]];460
52900.n1;[0, 0, 0, -14375, -661250];[[5,8,348,281],[3,33,173,2],[6,5,25,21],[1,0,10,1],[1,10,0,1],[383,10,331,37],[231,10,235,51],[451,10,450,11]];460
52900.o1;[0, 0, 0, -304175, 64363430];[[5,8,348,281],[3,33,173,2],[6,5,25,21],[1,0,10,1],[1,10,0,1],[383,10,331,37],[231,10,235,51],[451,10,450,11]];460
73296.r1;[0, 0, 0, -946815, 353834154];[[6,5,25,21],[5,8,30428,30361],[1,0,10,1],[15781,10,17825,51],[15271,10,15275,51],[30531,10,30530,11],[1,4591,4581,1528],[3,10,20371,37],[1,10,0,1]];30540
73296.s1;[0, 0, 0, -8521335, -9553522158];[[6,5,25,21],[5,8,30428,30361],[1,0,10,1],[15781,10,17825,51],[15271,10,15275,51],[30531,10,30530,11],[1,4591,4581,1528],[3,10,20371,37],[1,10,0,1]];30540
78300.x1;[0, 0, 0, -78375, -5017250];[[1731,10,1730,11],[1,271,261,88],[6,5,25,21],[1,0,10,1],[3,10,1171,37],[1,10,0,1],[5,8,1628,1561],[871,10,875,51],[901,10,1025,51]];1740
78300.y1;[0, 0, 0, -705375, 135465750];[[1731,10,1730,11],[1,271,261,88],[6,5,25,21],[1,0,10,1],[3,10,1171,37],[1,10,0,1],[5,8,1628,1561],[871,10,875,51],[901,10,1025,51]];1740
78400.bq1;[0, 1, 0, -285833, 59040463];[[61,10,60,11],[1,0,10,1],[6,5,25,21],[1,10,0,1],[5,8,28,31],[3,3,43,62],[23,10,61,37]];70
78400.br1;[0, 1, 0, -233, -1457];[[61,10,60,11],[1,0,10,1],[6,5,25,21],[1,10,0,1],[5,8,28,31],[3,3,43,62],[23,10,61,37]];70
78400.cb1;[0, 1, 0, -11433, -476897];[[61,10,60,11],[1,0,10,1],[6,5,25,21],[1,10,0,1],[5,8,28,31],[3,3,43,62],[23,10,61,37]];70
78400.cc1;[0, 1, 0, -5833, 170463];[[61,10,60,11],[1,0,10,1],[6,5,25,21],[1,10,0,1],[5,8,28,31],[3,3,43,62],[23,10,61,37]];70
78400.jm1;[0, -1, 0, -5833, -170463];[[61,10,60,11],[1,0,10,1],[6,5,25,21],[1,10,0,1],[38,5,11,52],[5,8,28,31],[3,3,43,62]];70
78400.jn1;[0, -1, 0, -11433, 476897];[[61,10,60,11],[1,0,10,1],[6,5,25,21],[1,10,0,1],[5,8,28,31],[3,3,43,62],[23,10,61,37]];70
78400.jx1;[0, -1, 0, -233, 1457];[[61,10,60,11],[1,0,10,1],[6,5,25,21],[1,10,0,1],[5,8,28,31],[3,3,43,62],[23,10,61,37]];70
78400.jy1;[0, -1, 0, -285833, -59040463];[[61,10,60,11],[1,0,10,1],[6,5,25,21],[1,10,0,1],[38,5,11,52],[5,8,28,31],[3,3,43,62]];70
81356.d1;[0, 0, 0, -2782745, 441025329];[[4721,10,4720,11],[1,3321,3311,4258],[5,8,4618,4551],[6,5,25,21],[431,10,2155,51],[1,0,10,1],[1,10,0,1],[1213,10,2871,37]];4730
81356.f1;[0, 0, 0, -1505, -5547];[[4721,10,4720,11],[1,3321,3311,4258],[5,8,4618,4551],[6,5,25,21],[431,10,2155,51],[1,0,10,1],[1,10,0,1],[1213,10,2871,37]];4730
81675.s1;[1, -1, 1, -5105, 40582];[[3,10,31,37],[5,8,8,1],[31,10,35,51],[51,10,50,11],[3,13,53,22],[1,0,10,1],[6,5,25,21],[1,10,0,1]];60
81675.x1;[1, -1, 1, -14180, -178428];[[3,10,31,37],[5,8,8,1],[31,10,35,51],[51,10,50,11],[3,13,53,22],[1,0,10,1],[6,5,25,21],[1,10,0,1]];60
81675.cf1;[1, -1, 0, -567, -1314];[[3,10,31,37],[5,8,8,1],[31,10,35,51],[51,10,50,11],[3,13,53,22],[1,0,10,1],[6,5,25,21],[1,10,0,1]];60
81675.ck1;[1, -1, 0, -127617, 4945166];[[3,10,31,37],[5,8,8,1],[31,10,35,51],[51,10,50,11],[3,13,53,22],[1,0,10,1],[6,5,25,21],[1,10,0,1]];60
90828.l1;[0, 0, 0, -2636535, -978925682];[[1731,10,1730,11],[1,271,261,88],[6,5,25,21],[1,0,10,1],[3,10,1171,37],[1,10,0,1],[5,8,1628,1561],[871,10,875,51],[901,10,1025,51]];1740
90828.m1;[0, 0, 0, -23728815, 26430993414];[[1731,10,1730,11],[1,271,261,88],[6,5,25,21],[1,0,10,1],[3,10,1171,37],[1,10,0,1],[5,8,1628,1561],[871,10,875,51],[901,10,1025,51]];1740
93100.m1;[0, 1, 0, 151492, 31118548];[[6,5,25,21],[3,1473,2493,1882],[1,0,10,1],[6,5,1325,2656],[5,8,2548,2481],[1266,5,275,2656],[2651,10,2650,11],[1,10,0,1],[388,5,2251,2642]];2660
93100.n1;[0, 1, 0, 77292, -11296412];[[6,5,25,21],[3,1473,2493,1882],[1,0,10,1],[1331,10,1335,51],[5,8,2548,2481],[1541,10,2385,51],[1143,10,1531,37],[2651,10,2650,11],[1,10,0,1]];2660
93100.bw1;[0, -1, 0, 3787292, 3882243912];[[6,5,25,21],[3,1473,2493,1882],[1,0,10,1],[1331,10,1335,51],[5,8,2548,2481],[1541,10,2385,51],[1143,10,1531,37],[2651,10,2650,11],[1,10,0,1]];2660
93100.bx1;[0, -1, 0, 3092, -91608];[[6,5,25,21],[3,1473,2493,1882],[1,0,10,1],[1331,10,1335,51],[5,8,2548,2481],[1541,10,2385,51],[1143,10,1531,37],[2651,10,2650,11],[1,10,0,1]];2660
96921.n1;[0, 0, 1, -11220, -501482];[[181,10,905,51],[5,8,2558,2491],[6,5,25,21],[1,0,10,1],[2661,10,2660,11],[1,811,801,268],[1,10,0,1],[3,10,901,37]];2670
96921.o1;[0, 0, 1, -100980, 13540007];[[5,8,2558,2491],[1,811,801,268],[6,5,25,21],[1,0,10,1],[1,10,0,1],[2661,10,2660,11],[1086,5,1765,2666],[898,5,1751,2652]];2670
96921.p1;[0, 0, 1, -12218580, -18021749650];[[5,8,2558,2491],[1,811,801,268],[6,5,25,21],[1,0,10,1],[1,10,0,1],[2661,10,2660,11],[1086,5,1765,2666],[898,5,1751,2652]];2670
96921.q1;[0, 0, 1, -1357620, 667472209];[[181,10,905,51],[5,8,2558,2491],[6,5,25,21],[1,0,10,1],[2661,10,2660,11],[1,811,801,268],[1,10,0,1],[3,10,901,37]];2670
100575.c1;[1, -1, 1, -434405, 113675212];[[3,10,1501,37],[6,5,25,21],[1,0,10,1],[5,8,4358,4291],[3,4033,413,2122],[4461,10,4460,11],[151,10,755,51],[1,10,0,1]];4470
100575.h1;[1, -1, 1, -1206680, -525469678];[[3,10,1501,37],[6,5,25,21],[1,0,10,1],[5,8,4358,4291],[3,4033,413,2122],[4461,10,4460,11],[151,10,755,51],[1,10,0,1]];4470
100575.k1;[1, -1, 0, -48267, -4194104];[[3,10,1501,37],[6,5,25,21],[1,0,10,1],[5,8,4358,4291],[3,4033,413,2122],[4461,10,4460,11],[151,10,755,51],[1,10,0,1]];4470
100575.p1;[1, -1, 0, -10860117, 14198541416];[[1498,5,2951,4452],[6,5,25,21],[3,4033,413,2122],[906,5,3715,4466],[1,0,10,1],[1,10,0,1],[4461,10,4460,11],[5,8,4358,4291]];4470
101925.j1;[1, -1, 1, -153605, -21115808];[[3,463,4043,2152],[3,10,3031,37],[4521,10,4520,11],[3781,10,785,51],[6,5,25,21],[1,0,10,1],[1,10,0,1],[5,8,4418,4351]];4530
101925.k1;[1, -1, 1, -426680, 98042822];[[3,463,4043,2152],[3,10,3031,37],[4521,10,4520,11],[3781,10,785,51],[6,5,25,21],[1,0,10,1],[1,10,0,1],[5,8,4418,4351]];4530
101925.bb1;[1, -1, 0, -17067, 787756];[[3,463,4043,2152],[4521,10,4520,11],[6,5,25,21],[1,0,10,1],[1,10,0,1],[5,8,4418,4351],[3028,5,1481,4512],[36,5,3745,4526]];4530
101925.bc1;[1, -1, 0, -3840117, -2643316084];[[3,463,4043,2152],[4521,10,4520,11],[6,5,25,21],[1,0,10,1],[1,10,0,1],[5,8,4418,4351],[3028,5,1481,4512],[36,5,3745,4526]];4530
101952.bq1;[0, 0, 0, -174420, 22043448];[[6,5,25,21],[1761,10,1760,11],[1,541,531,178],[1,0,10,1],[3,10,601,37],[5,8,1658,1591],[61,10,305,51],[1,10,0,1]];1770
101952.br1;[0, 0, 0, -19380, 816424];[[6,5,25,21],[1761,10,1760,11],[1,541,531,178],[1,0,10,1],[3,10,601,37],[5,8,1658,1591],[61,10,305,51],[1,10,0,1]];1770
101952.ca1;[0, 0, 0, -19380, -816424];[[6,5,25,21],[1761,10,1760,11],[1,541,531,178],[1,0,10,1],[3,10,601,37],[5,8,1658,1591],[61,10,305,51],[1,10,0,1]];1770
101952.cb1;[0, 0, 0, -174420, -22043448];[[598,5,1151,1752],[366,5,1465,1766],[1761,10,1760,11],[5,8,1658,1591],[1,541,531,178],[6,5,25,21],[1,0,10,1],[1,10,0,1]];1770
104112.n1;[0, 0, 0, -6639840, 6688309104];[[4828,5,2381,7212],[7221,10,7220,11],[5826,5,7195,7226],[6,5,25,21],[5,8,7118,7051],[1,0,10,1],[1,10,0,1],[1,5071,5061,6508]];7230
104112.q1;[0, 0, 0, -737760, -247715152];[[4828,5,2381,7212],[7221,10,7220,11],[5826,5,7195,7226],[6,5,25,21],[5,8,7118,7051],[1,0,10,1],[1,10,0,1],[1,5071,5061,6508]];7230
104400.du1;[0, 0, 0, -77625, 17404875];[[186,5,715,866],[1,271,261,88],[5,8,758,691],[298,5,551,852],[6,5,25,21],[1,0,10,1],[1,10,0,1],[861,10,860,11]];870
104400.ee1;[0, 0, 0, -8625, -644625];[[3,10,301,37],[1,271,261,88],[5,8,758,691],[6,5,25,21],[1,0,10,1],[1,10,0,1],[31,10,155,51],[861,10,860,11]];870
105408.u1;[0, 0, 0, -172747620, 873909021384];[[6,5,25,21],[1228,5,581,1812],[1821,10,1820,11],[1,0,10,1],[1476,5,295,1826],[1,1291,1281,1648],[5,8,1718,1651],[1,10,0,1]];1830
105408.v1;[0, 0, 0, -19194180, 32367000792];[[6,5,25,21],[1228,5,581,1812],[1821,10,1820,11],[1,0,10,1],[1476,5,295,1826],[1,1291,1281,1648],[5,8,1718,1651],[1,10,0,1]];1830
105408.ba1;[0, 0, 0, -172747620, -873909021384];[[6,5,25,21],[1228,5,581,1812],[1821,10,1820,11],[1,0,10,1],[1476,5,295,1826],[1,1291,1281,1648],[5,8,1718,1651],[1,10,0,1]];1830
105408.bb1;[0, 0, 0, -19194180, -32367000792];[[6,5,25,21],[1228,5,581,1812],[1821,10,1820,11],[1,0,10,1],[1476,5,295,1826],[1,1291,1281,1648],[5,8,1718,1651],[1,10,0,1]];1830
112225.a1;[1, 1, 1, -74407513, -247124212094];[[661,10,660,11],[73,10,491,37],[6,5,25,21],[1,0,10,1],[1,10,0,1],[5,8,558,491],[3,613,33,222]];670
112225.b1;[1, 1, 1, -663, 6296];[[661,10,660,11],[73,10,491,37],[6,5,25,21],[1,0,10,1],[1,10,0,1],[5,8,558,491],[3,613,33,222]];670
112225.g1;[1, 0, 1, -16576, 820173];[[661,10,660,11],[73,10,491,37],[6,5,25,21],[1,0,10,1],[1,10,0,1],[5,8,558,491],[3,613,33,222]];670
112225.h1;[1, 0, 1, -2976301, -1976993697];[[661,10,660,11],[73,10,491,37],[6,5,25,21],[1,0,10,1],[1,10,0,1],[5,8,558,491],[3,613,33,222]];670
114075.p1;[1, -1, 1, -7130, -63098];[[1,0,10,1],[5,8,8,1],[6,5,25,21],[1,10,0,1],[51,10,50,11],[3,13,53,22],[6,5,25,56],[28,5,11,42]];60
114075.r1;[1, -1, 1, -19805, 305322];[[3,10,31,37],[5,8,8,1],[31,10,35,51],[51,10,50,11],[3,13,53,22],[1,0,10,1],[6,5,25,21],[1,10,0,1]];60
114075.cd1;[1, -1, 0, -178242, -8065459];[[3,10,31,37],[5,8,8,1],[31,10,35,51],[51,10,50,11],[3,13,53,22],[1,0,10,1],[6,5,25,21],[1,10,0,1]];60
114075.cf1;[1, -1, 0, -792, 2601];[[3,10,31,37],[5,8,8,1],[31,10,35,51],[51,10,50,11],[3,13,53,22],[1,0,10,1],[6,5,25,21],[1,10,0,1]];60
119025.o1;[1, -1, 1, -6786905, -6803730318];[[5,8,348,281],[6,5,25,21],[1,0,10,1],[1,10,0,1],[383,10,331,37],[231,10,235,51],[451,10,450,11],[1,171,161,208]];460
119025.ba1;[1, -1, 1, -12830, 562542];[[5,8,348,281],[6,5,25,21],[1,0,10,1],[1,10,0,1],[383,10,331,37],[231,10,235,51],[451,10,450,11],[1,171,161,208]];460
119025.bx1;[1, -1, 0, -320742, 69997041];[[5,8,348,281],[6,5,25,21],[1,0,10,1],[1,10,0,1],[383,10,331,37],[231,10,235,51],[451,10,450,11],[1,171,161,208]];460
119025.cl1;[1, -1, 0, -169672617, -850635962334];[[5,8,348,281],[6,5,225,456],[408,5,131,442],[6,5,25,21],[1,0,10,1],[1,10,0,1],[451,10,450,11],[1,171,161,208]];460
120825.c1;[1, -1, 1, -2852930, 2591220322];[[181,10,905,51],[5371,10,5375,51],[6,5,25,21],[1,0,10,1],[3,10213,5873,7942],[3,10,7171,37],[5,8,10628,10561],[10731,10,10730,11],[1,10,0,1]];10740
120825.d1;[1, -1, 1, -12680, -764388];[[6,5,25,21],[1,0,10,1],[7168,5,3551,10722],[1086,5,9835,10736],[3,10213,5873,7942],[5,8,10628,10561],[6,5,5365,10736],[10731,10,10730,11],[1,10,0,1]];10740
120825.j1;[1, -1, 0, -316992, -95865459];[[181,10,905,51],[5371,10,5375,51],[6,5,25,21],[1,0,10,1],[3,10213,5873,7942],[3,10,7171,37],[5,8,10628,10561],[10731,10,10730,11],[1,10,0,1]];10740
120825.k1;[1, -1, 0, -114117, 20752586];[[181,10,905,51],[5371,10,5375,51],[6,5,25,21],[1,0,10,1],[3,10213,5873,7942],[3,10,7171,37],[5,8,10628,10561],[10731,10,10730,11],[1,10,0,1]];10740
121104.z1;[0, 0, 0, -290145, -125774073];[[186,5,715,866],[1,271,261,88],[5,8,758,691],[298,5,551,852],[6,5,25,21],[1,0,10,1],[1,10,0,1],[861,10,860,11]];870
121104.be1;[0, 0, 0, -2611305, 3395899971];[[186,5,715,866],[1,271,261,88],[5,8,758,691],[298,5,551,852],[6,5,25,21],[1,0,10,1],[1,10,0,1],[861,10,860,11]];870
126324.f1;[0, 0, 0, -375705, 185327109];[[3,10,301,37],[1,271,261,88],[5,8,758,691],[6,5,25,21],[1,0,10,1],[1,10,0,1],[31,10,155,51],[861,10,860,11]];870
126324.g1;[0, 0, 0, -41745, -6863967];[[3,10,301,37],[1,271,261,88],[5,8,758,691],[6,5,25,21],[1,0,10,1],[1,10,0,1],[31,10,155,51],[861,10,860,11]];870
150871.a1;[1, -1, 0, 45100963, 110705148714];[[1,366411,366401,409508],[5,8,430948,430881],[92406,5,354055,431056],[123168,5,307871,431042],[6,5,25,21],[1,0,10,1],[1,10,0,1],[6,5,215525,431056],[431051,10,431050,11]];431060
150871.b1;[1, -1, 0, 920428, -323018515];[[215531,10,215535,51],[1,366411,366401,409508],[5,8,430948,430881],[15401,10,77005,51],[6,5,25,21],[1,0,10,1],[1,10,0,1],[369483,10,61591,37],[431051,10,431050,11]];431060
153468.p1;[0, 0, 0, -153615, 13767334];[[1731,10,1730,11],[1,271,261,88],[6,5,25,21],[1,0,10,1],[3,10,1171,37],[1,10,0,1],[5,8,1628,1561],[871,10,875,51],[901,10,1025,51]];1740
153468.q1;[0, 0, 0, -1382535, -371718018];[[1731,10,1730,11],[1,271,261,88],[6,5,25,21],[1,0,10,1],[3,10,1171,37],[1,10,0,1],[5,8,1628,1561],[871,10,875,51],[901,10,1025,51]];1740
155088.n1;[0, 0, 0, -242880, 24414384];[[10761,10,10760,11],[1,3241,3231,1078],[6,5,25,21],[1,0,10,1],[1,10,0,1],[3,10,3601,37],[2161,10,35,51],[5,8,10658,10591]];10770
155088.o1;[0, 0, 0, -2185920, -659188368];[[10761,10,10760,11],[1,3241,3231,1078],[6,5,25,21],[1,0,10,1],[1,10,0,1],[3,10,3601,37],[2161,10,35,51],[5,8,10658,10591]];10770
156096.u1;[0, 0, 0, -417120, 96202976];[[3,10,5431,37],[1,5701,5691,7318],[6,5,25,21],[1,0,10,1],[6781,10,1385,51],[1,10,0,1],[5,8,8018,7951],[8121,10,8120,11]];8130
156096.v1;[0, 0, 0, -3754080, -2597480352];[[1,5701,5691,7318],[6,5,25,21],[1,0,10,1],[5428,5,2681,8112],[5,8,8018,7951],[36,5,6745,8126],[8121,10,8120,11],[1,10,0,1]];8130
156096.bd1;[0, 0, 0, -3754080, 2597480352];[[1,5701,5691,7318],[6,5,25,21],[1,0,10,1],[5428,5,2681,8112],[5,8,8018,7951],[36,5,6745,8126],[8121,10,8120,11],[1,10,0,1]];8130
156096.be1;[0, 0, 0, -417120, -96202976];[[3,10,5431,37],[1,5701,5691,7318],[6,5,25,21],[1,0,10,1],[6781,10,1385,51],[1,10,0,1],[5,8,8018,7951],[8121,10,8120,11]];8130
159300.j1;[0, 0, 0, -1090125, -344428875];[[6,5,25,21],[1761,10,1760,11],[1,541,531,178],[1,0,10,1],[3,10,601,37],[5,8,1658,1591],[61,10,305,51],[1,10,0,1]];1770
159300.p1;[0, 0, 0, -121125, 12756625];[[598,5,1151,1752],[366,5,1465,1766],[1761,10,1760,11],[5,8,1658,1591],[1,541,531,178],[6,5,25,21],[1,0,10,1],[1,10,0,1]];1770
162675.k1;[0, 0, 1, -1152750, 483818656];[[5,8,7118,7051],[6,5,25,21],[1,5071,5061,6508],[1,0,10,1],[5791,10,35,51],[7221,10,7220,11],[3,10,4831,37],[1,10,0,1]];7230
162675.l1;[0, 0, 1, -10374750, -13063103719];[[5,8,7118,7051],[6,5,25,21],[1,5071,5061,6508],[1,0,10,1],[5791,10,35,51],[7221,10,7220,11],[3,10,4831,37],[1,10,0,1]];7230
164700.n1;[0, 0, 0, -119963625, -505734387375];[[6,5,25,21],[1228,5,581,1812],[1821,10,1820,11],[1,0,10,1],[1476,5,295,1826],[1,1291,1281,1648],[5,8,1718,1651],[1,10,0,1]];1830
164700.t1;[0, 0, 0, -1079672625, 13654828459125];[[6,5,25,21],[1228,5,581,1812],[1821,10,1820,11],[1,0,10,1],[1476,5,295,1826],[1,1291,1281,1648],[5,8,1718,1651],[1,10,0,1]];1830
174717.e1;[0, 0, 1, -11651040, -15304604758];[[3,10,7201,37],[5,8,21458,21391],[1,6481,6471,2158],[6,5,25,21],[21561,10,21560,11],[1,0,10,1],[1,10,0,1],[7201,10,14435,51]];21570
174717.f1;[0, 0, 1, -1294560, 566837213];[[5,8,21458,21391],[66,5,7135,21566],[1,6481,6471,2158],[6,5,25,21],[21561,10,21560,11],[1,0,10,1],[1,10,0,1],[7198,5,14351,21552]];21570
176400.hc1;[0, 0, 0, -525, 4655];[[61,10,60,11],[1,0,10,1],[6,5,25,21],[1,10,0,1],[5,8,28,31],[3,3,43,62],[23,10,61,37]];70
176400.hd1;[0, 0, 0, -643125, -199583125];[[61,10,60,11],[1,0,10,1],[6,5,25,21],[1,10,0,1],[5,8,28,31],[3,3,43,62],[23,10,61,37]];70
176400.hq1;[0, 0, 0, -25725, -1596665];[[61,10,60,11],[1,0,10,1],[6,5,25,21],[1,10,0,1],[38,5,11,52],[5,8,28,31],[3,3,43,62]];70
176400.hr1;[0, 0, 0, -13125, 581875];[[61,10,60,11],[1,0,10,1],[6,5,25,21],[1,10,0,1],[5,8,28,31],[3,3,43,62],[23,10,61,37]];70
176436.p1;[0, 0, 0, -524745, -305908083];[[3,10,301,37],[1,271,261,88],[5,8,758,691],[6,5,25,21],[1,0,10,1],[1,10,0,1],[31,10,155,51],[861,10,860,11]];870
176436.r1;[0, 0, 0, -58305, 11329929];[[3,10,301,37],[1,271,261,88],[5,8,758,691],[6,5,25,21],[1,0,10,1],[1,10,0,1],[31,10,155,51],[861,10,860,11]];870
185269.d1;[1, -1, 0, 1636003, 268666419412];[[163596,5,260675,264666],[5,8,264558,264491],[6,5,25,21],[1,0,10,1],[1,79411,79401,26468],[264661,10,264660,11],[27866,5,153225,264666],[113438,5,151211,264652],[1,10,0,1]];264670
185269.e1;[1, -1, 0, 33388, -783293561];[[5,8,264558,264491],[6,5,25,21],[181091,10,111445,51],[1,0,10,1],[1,79411,79401,26468],[75623,10,189061,37],[264661,10,264660,11],[159601,10,3995,51],[1,10,0,1]];264670
195075.k1;[1, -1, 1, -304805, -18059678];[[1,0,10,1],[5,8,8,1],[6,5,25,21],[1,10,0,1],[51,10,50,11],[3,13,53,22],[6,5,25,56],[28,5,11,42]];60
195075.l1;[1, -1, 1, -1355, 5712];[[3,10,31,37],[5,8,8,1],[31,10,35,51],[51,10,50,11],[3,13,53,22],[1,0,10,1],[6,5,25,21],[1,10,0,1]];60
195075.bs1;[1, -1, 0, -12192, -142039];[[3,10,31,37],[5,8,8,1],[31,10,35,51],[51,10,50,11],[3,13,53,22],[1,0,10,1],[6,5,25,21],[1,10,0,1]];60
195075.bt1;[1, -1, 0, -33867, 680166];[[3,10,31,37],[5,8,8,1],[31,10,35,51],[51,10,50,11],[3,13,53,22],[1,0,10,1],[6,5,25,21],[1,10,0,1]];60
197748.a1;[0, 0, 0, -2625135, -1734755946];[[6,5,25,21],[109851,10,109850,11],[1,0,10,1],[1,93391,93381,104368],[54931,10,54935,51],[106201,10,91565,51],[5,8,109748,109681],[1,10,0,1],[3,10,36631,37]];109860
197748.b1;[0, 0, 0, -23626215, 46838410542];[[6,5,54925,109856],[6,5,25,21],[109851,10,109850,11],[36628,5,73211,109842],[1,93391,93381,104368],[1,0,10,1],[87906,5,18295,109856],[5,8,109748,109681],[1,10,0,1]];109860
204624.cj1;[0, 0, 0, -152145, -47758977];[[3,10,301,37],[1,271,261,88],[5,8,758,691],[6,5,25,21],[1,0,10,1],[1,10,0,1],[31,10,155,51],[861,10,860,11]];870
204624.ds1;[0, 0, 0, -16905, 1768851];[[3,10,301,37],[1,271,261,88],[5,8,758,691],[6,5,25,21],[1,0,10,1],[1,10,0,1],[31,10,155,51],[861,10,860,11]];870
207616.a1;[0, 0, 0, -158470, -31707704];[[6,5,25,21],[14601,10,8125,51],[1,0,10,1],[1,25151,8921,30008],[5,8,32328,32261],[16223,10,16231,37],[24333,10,16186,32327],[32431,10,32430,11],[1,10,0,1]];32440
207616.b1;[0, 0, 0, -633880, 253661632];[[6,5,25,21],[14601,10,8125,51],[1,0,10,1],[1,25151,8921,30008],[5,8,32328,32261],[16223,10,16231,37],[24333,10,16186,32327],[32431,10,32430,11],[1,10,0,1]];32440
207616.g1;[0, 0, 0, -158470, 31707704];[[6,5,25,21],[14601,10,8125,51],[1,0,10,1],[1,25151,8921,30008],[5,8,32328,32261],[16223,10,16231,37],[24333,10,16186,32327],[32431,10,32430,11],[1,10,0,1]];32440
207616.h1;[0, 0, 0, -633880, -253661632];[[6,5,25,21],[14601,10,8125,51],[1,0,10,1],[1,25151,8921,30008],[5,8,32328,32261],[16223,10,16231,37],[24333,10,16186,32327],[32431,10,32430,11],[1,10,0,1]];32440
207936.a1;[0, 0, 0, -1975392, 1068632200];[[11,51,3,14],[56,5,15,16],[31,5,45,16],[41,20,40,21],[1,20,0,1],[1,0,20,1],[1,4,16,5],[37,20,24,1]];60
207936.b1;[0, 0, 0, -5472, -155800];[[11,51,3,14],[56,5,15,16],[31,5,45,16],[41,20,40,21],[1,20,0,1],[1,0,20,1],[1,4,16,5],[37,20,24,1]];60
207936.r1;[0, 0, 0, -1975392, -1068632200];[[11,51,3,14],[56,5,15,16],[31,5,45,16],[41,20,40,21],[1,20,0,1],[1,0,20,1],[1,4,16,5],[37,20,24,1]];60
207936.s1;[0, 0, 0, -5472, 155800];[[11,51,3,14],[56,5,15,16],[31,5,45,16],[41,20,40,21],[1,20,0,1],[1,0,20,1],[1,4,16,5],[37,20,24,1]];60
207936.hx1;[0, 0, 0, -17778528, -28853069400];[[11,51,3,14],[56,5,15,16],[31,5,45,16],[41,20,40,21],[1,20,0,1],[1,0,20,1],[1,4,16,5],[37,20,24,1]];60
207936.hy1;[0, 0, 0, -49248, 4206600];[[11,51,3,14],[56,5,15,16],[31,5,45,16],[41,20,40,21],[1,20,0,1],[1,0,20,1],[1,4,16,5],[37,20,24,1]];60
207936.ii1;[0, 0, 0, -17778528, 28853069400];[[11,51,3,14],[56,5,15,16],[31,5,45,16],[41,20,40,21],[1,20,0,1],[1,0,20,1],[1,4,16,5],[37,20,24,1]];60
207936.ij1;[0, 0, 0, -49248, -4206600];[[11,51,3,14],[56,5,15,16],[31,5,45,16],[41,20,40,21],[1,20,0,1],[1,0,20,1],[1,4,16,5],[37,20,24,1]];60
211600.i1;[0, 1, 0, -22808, 1318228];[[5,8,348,281],[6,5,25,21],[1,0,10,1],[1,10,0,1],[383,10,331,37],[231,10,235,51],[451,10,450,11],[1,171,161,208]];460
211600.ba1;[0, 1, 0, -12065608, -16135404492];[[5,8,348,281],[6,5,25,21],[1,0,10,1],[1,10,0,1],[383,10,331,37],[231,10,235,51],[451,10,450,11],[1,171,161,208]];460
211600.by1;[0, 0, 0, -304175, -64363430];[[5,8,348,281],[3,33,173,2],[6,5,25,21],[1,0,10,1],[1,10,0,1],[383,10,331,37],[231,10,235,51],[451,10,450,11]];460
211600.cc1;[0, 0, 0, -14375, 661250];[[5,8,348,281],[3,33,173,2],[6,5,25,21],[1,0,10,1],[1,10,0,1],[383,10,331,37],[231,10,235,51],[451,10,450,11]];460
211600.cd1;[0, 0, 0, -7604375, -8045428750];[[5,8,348,281],[3,33,173,2],[6,5,25,21],[1,0,10,1],[1,10,0,1],[383,10,331,37],[231,10,235,51],[451,10,450,11]];460
211600.cg1;[0, 0, 0, -575, 5290];[[5,8,348,281],[3,33,173,2],[6,5,25,21],[1,0,10,1],[1,10,0,1],[383,10,331,37],[231,10,235,51],[451,10,450,11]];460
211600.cy1;[0, -1, 0, -301640208, -2016322281088];[[5,8,348,281],[6,5,25,21],[1,0,10,1],[1,10,0,1],[383,10,331,37],[231,10,235,51],[451,10,450,11],[1,171,161,208]];460
211600.dt1;[0, -1, 0, -570208, 165918912];[[5,8,348,281],[6,5,25,21],[1,0,10,1],[1,10,0,1],[383,10,331,37],[231,10,235,51],[451,10,450,11],[1,171,161,208]];460
213559.b1;[0, -1, 1, -7193, 133735];[[18608,5,22601,25712],[25721,10,25720,11],[5,8,25618,25551],[6,5,25,21],[1,0,10,1],[13286,5,23235,25726],[1,10,0,1],[1,18021,18011,23158]];25730
213559.c1;[0, -1, 1, -49554873, -75080562116];[[25721,10,25720,11],[5,8,25618,25551],[6,5,25,21],[1,0,10,1],[1,10,0,1],[1,18021,18011,23158],[19843,10,12721,37],[10791,10,2495,51]];25730
218736.ci1;[0, 0, 0, -658560, 7952112];[[921,10,920,11],[6,5,25,21],[1,0,10,1],[1,661,651,838],[1,10,0,1],[628,5,281,912],[576,5,295,926],[5,8,818,751]];930
218736.cl1;[0, 0, 0, -13440, -23184];[[3,10,631,37],[921,10,920,11],[871,10,635,51],[6,5,25,21],[1,0,10,1],[1,661,651,838],[1,10,0,1],[5,8,818,751]];930
218736.dk1;[0, 0, 0, -5927040, -214707024];[[3,10,631,37],[921,10,920,11],[871,10,635,51],[6,5,25,21],[1,0,10,1],[1,661,651,838],[1,10,0,1],[5,8,818,751]];930
218736.dl1;[0, 0, 0, -120960, 625968];[[3,10,631,37],[921,10,920,11],[871,10,635,51],[6,5,25,21],[1,0,10,1],[1,661,651,838],[1,10,0,1],[5,8,818,751]];930
234171.p1;[0, 0, 1, -64260, -2406868];[[1773,10,2371,37],[4121,10,4120,11],[3011,10,2665,51],[6,5,25,21],[1,0,10,1],[5,8,4018,3951],[1,10,0,1],[1,2901,2891,3718]];4130
234171.q1;[0, 0, 1, -3148740, 825555638];[[6,5,25,21],[598,5,3511,4112],[1,0,10,1],[4121,10,4120,11],[1546,5,1465,4126],[5,8,4018,3951],[1,2901,2891,3718],[1,10,0,1]];4130
234171.r1;[0, 0, 1, -7140, 89143];[[1773,10,2371,37],[4121,10,4120,11],[3011,10,2665,51],[6,5,25,21],[1,0,10,1],[5,8,4018,3951],[1,10,0,1],[1,2901,2891,3718]];4130
234171.s1;[0, 0, 1, -349860, -30576135];[[6,5,25,21],[598,5,3511,4112],[1,0,10,1],[4121,10,4120,11],[1546,5,1465,4126],[5,8,4018,3951],[1,2901,2891,3718],[1,10,0,1]];4130
242325.g1;[0, 0, 1, -379500, -47684344];[[10761,10,10760,11],[1,3241,3231,1078],[6,5,25,21],[3598,5,7151,10752],[1,0,10,1],[1,10,0,1],[2196,5,10735,10766],[5,8,10658,10591]];10770
242325.h1;[0, 0, 1, -3415500, 1287477281];[[10761,10,10760,11],[1,3241,3231,1078],[6,5,25,21],[3598,5,7151,10752],[1,0,10,1],[1,10,0,1],[2196,5,10735,10766],[5,8,10658,10591]];10770
243675.m1;[1, -1, 1, -42305, -927178];[[3,10,31,37],[5,8,8,1],[31,10,35,51],[51,10,50,11],[3,13,53,22],[1,0,10,1],[6,5,25,21],[1,10,0,1]];60
243675.p1;[1, -1, 1, -15230, 206362];[[3,10,31,37],[5,8,8,1],[31,10,35,51],[51,10,50,11],[3,13,53,22],[1,0,10,1],[6,5,25,21],[1,10,0,1]];60
243675.bq1;[1, -1, 0, -1692, -7079];[[3,10,31,37],[5,8,8,1],[31,10,35,51],[51,10,50,11],[3,13,53,22],[1,0,10,1],[6,5,25,21],[1,10,0,1]];60
243675.bt1;[1, -1, 0, -380742, 25414541];[[1,0,10,1],[5,8,8,1],[6,5,25,21],[1,10,0,1],[51,10,50,11],[3,13,53,22],[6,5,25,56],[28,5,11,42]];60
243900.o1;[0, 0, 0, -2607000, -1503171500];[[3,10,5431,37],[1,5701,5691,7318],[6,5,25,21],[1,0,10,1],[6781,10,1385,51],[1,10,0,1],[5,8,8018,7951],[8121,10,8120,11]];8130
243900.p1;[0, 0, 0, -23463000, 40585630500];[[3,10,5431,37],[1,5701,5691,7318],[6,5,25,21],[1,0,10,1],[6781,10,1385,51],[1,10,0,1],[5,8,8018,7951],[8121,10,8120,11]];8130
249777.j1;[0, 0, 1, -16828410, 26546554593];[[1,2881,2871,958],[5226,5,5215,9566],[9561,10,9560,11],[6388,5,3161,9552],[6,5,25,21],[1,0,10,1],[1,10,0,1],[5,8,9458,9391],[1988,5,9541,9552]];9570
249777.k1;[0, 0, 1, -180090, -29388535];[[1,2881,2871,958],[5226,5,5215,9566],[9561,10,9560,11],[6388,5,3161,9552],[6,5,25,21],[1,0,10,1],[1,10,0,1],[5,8,9458,9391],[1988,5,9541,9552]];9570
249777.l1;[0, 0, 1, -151455690, -716756974018];[[1,2881,2871,958],[871,10,4355,51],[9561,10,9560,11],[6,5,25,21],[3,10,6391,37],[1,0,10,1],[1,10,0,1],[5,8,9458,9391],[7923,10,341,37]];9570
249777.m1;[0, 0, 1, -20010, 1088464];[[1,2881,2871,958],[5226,5,5215,9566],[9561,10,9560,11],[6388,5,3161,9552],[6,5,25,21],[1,0,10,1],[1,10,0,1],[5,8,9458,9391],[1988,5,9541,9552]];9570
258768.d1;[0, 0, 0, -19698240, 33647683952];[[5998,5,11951,17952],[3636,5,17935,17966],[6,5,25,21],[1,0,10,1],[1,10,0,1],[1,5401,5391,1798],[5,8,17858,17791],[17961,10,17960,11]];17970
258768.e1;[0, 0, 0, -177284160, -908487466704];[[3601,10,35,51],[6,5,25,21],[1,0,10,1],[1,10,0,1],[1,5401,5391,1798],[5,8,17858,17791],[17961,10,17960,11],[3,10,6001,37]];17970
269059.d1;[1, -1, 1, -19527640, 33219207816];[[6,5,25,21],[1,2271,2261,2528],[1,0,10,1],[6,5,1325,2656],[5,8,2548,2481],[1266,5,275,2656],[2651,10,2650,11],[1,10,0,1],[388,5,2251,2642]];2660
269059.e1;[1, -1, 1, -956854345, -11392274572290];[[6,5,25,21],[1,2271,2261,2528],[1,0,10,1],[1331,10,1335,51],[5,8,2548,2481],[1541,10,2385,51],[1143,10,1531,37],[2651,10,2650,11],[1,10,0,1]];2660
269059.f1;[1, -1, 1, -67570, 6777390];[[6,5,25,21],[1,2271,2261,2528],[1,0,10,1],[1331,10,1335,51],[5,8,2548,2481],[1541,10,2385,51],[1143,10,1531,37],[2651,10,2650,11],[1,10,0,1]];2660
269059.g1;[1, -1, 1, -3310915, -2318023032];[[6,5,25,21],[1,2271,2261,2528],[1,0,10,1],[1331,10,1335,51],[5,8,2548,2481],[1541,10,2385,51],[1143,10,1531,37],[2651,10,2650,11],[1,10,0,1]];2660
269059.q1;[0, 0, 1, -792024730, 8579292341702];[[1143,10,201,37],[1,941,931,1198],[5,8,1218,1151],[6,5,25,21],[1,0,10,1],[1,10,0,1],[211,10,1055,51],[1321,10,1320,11]];1330
269059.r1;[0, 0, 1, -16163770, -25012514116];[[1266,5,275,1326],[1,941,931,1198],[5,8,1218,1151],[388,5,921,1312],[6,5,25,21],[1,0,10,1],[1,10,0,1],[1321,10,1320,11]];1330
269059.s1;[0, 0, 1, -2740570, 1746243098];[[1266,5,275,1326],[1,941,931,1198],[5,8,1218,1151],[388,5,921,1312],[6,5,25,21],[1,0,10,1],[1,10,0,1],[1321,10,1320,11]];1330
269059.t1;[0, 0, 1, -55930, -5091088];[[1266,5,275,1326],[1,941,931,1198],[5,8,1218,1151],[388,5,921,1312],[6,5,25,21],[1,0,10,1],[1,10,0,1],[1321,10,1320,11]];1330
280525.h1;[1, -1, 1, -208305, -31987378];[[13743,10,18331,37],[12601,10,30945,51],[16031,10,16035,51],[6,5,25,21],[1,0,10,1],[1,11231,11221,14428],[1,10,0,1],[5,8,31948,31881],[32051,10,32050,11]];32060
280525.i1;[1, -1, 1, -10206930, 10992084422];[[13743,10,18331,37],[12601,10,30945,51],[16031,10,16035,51],[6,5,25,21],[1,0,10,1],[1,11231,11221,14428],[1,10,0,1],[5,8,31948,31881],[32051,10,32050,11]];32060
280525.t1;[1, -1, 0, -255173242, 1373755379541];[[6,5,16025,32056],[6,5,25,21],[1,0,10,1],[32051,10,32050,11],[4588,5,27451,32042],[1,11231,11221,14428],[5,8,31948,31881],[11486,5,1115,32056],[1,10,0,1]];32060
280525.u1;[1, -1, 0, -5207617, -4003629834];[[6,5,16025,32056],[6,5,25,21],[1,0,10,1],[32051,10,32050,11],[4588,5,27451,32042],[1,11231,11221,14428],[5,8,31948,31881],[11486,5,1115,32056],[1,10,0,1]];32060
293184.bh1;[0, 0, 0, -34085340, -76428177264];[[6,5,25,21],[20368,5,10151,30522],[5,8,30428,30361],[1,0,10,1],[30531,10,30530,11],[1,4591,4581,1528],[6,5,15265,30536],[3066,5,12715,30536],[1,10,0,1]];30540
293184.bl1;[0, 0, 0, -3787260, 2830673232];[[6,5,25,21],[20368,5,10151,30522],[5,8,30428,30361],[1,0,10,1],[30531,10,30530,11],[1,4591,4581,1528],[6,5,15265,30536],[3066,5,12715,30536],[1,10,0,1]];30540
293184.bm1;[0, 0, 0, -3787260, -2830673232];[[6,5,25,21],[20368,5,10151,30522],[5,8,30428,30361],[1,0,10,1],[30531,10,30530,11],[1,4591,4581,1528],[6,5,15265,30536],[3066,5,12715,30536],[1,10,0,1]];30540
293184.bq1;[0, 0, 0, -34085340, 76428177264];[[6,5,25,21],[5,8,30428,30361],[1,0,10,1],[15781,10,17825,51],[15271,10,15275,51],[30531,10,30530,11],[1,4591,4581,1528],[3,10,20371,37],[1,10,0,1]];30540
295119.f1;[0, 0, 1, -4491960, -3664390557];[[1,5701,5691,7318],[6,5,25,21],[1,0,10,1],[5428,5,2681,8112],[5,8,8018,7951],[36,5,6745,8126],[8121,10,8120,11],[1,10,0,1]];8130
295119.g1;[0, 0, 1, -40427640, 98938545032];[[1,5701,5691,7318],[6,5,25,21],[1,0,10,1],[5428,5,2681,8112],[5,8,8018,7951],[36,5,6745,8126],[8121,10,8120,11],[1,10,0,1]];8130
295119.h1;[0, 0, 1, -543527160, 4877303831034];[[3,10,5431,37],[1,5701,5691,7318],[6,5,25,21],[1,0,10,1],[6781,10,1385,51],[1,10,0,1],[5,8,8018,7951],[8121,10,8120,11]];8130
295119.i1;[0, 0, 1, -4891744440, -131687203437925];[[1,5701,5691,7318],[6,5,25,21],[1,0,10,1],[5428,5,2681,8112],[5,8,8018,7951],[36,5,6745,8126],[8121,10,8120,11],[1,10,0,1]];8130
301716.m1;[0, 0, 0, -897345, -684081207];[[186,5,715,866],[1,271,261,88],[5,8,758,691],[298,5,551,852],[6,5,25,21],[1,0,10,1],[1,10,0,1],[861,10,860,11]];870
301716.n1;[0, 0, 0, -99705, 25336341];[[186,5,715,866],[1,271,261,88],[5,8,758,691],[298,5,551,852],[6,5,25,21],[1,0,10,1],[1,10,0,1],[861,10,860,11]];870
301824.bi1;[0, 0, 0, -519960, -151523264];[[3933,10,2586,5127],[1,4071,1441,4848],[6,5,25,21],[1,0,10,1],[1,10,0,1],[5231,10,5230,11],[5,8,5128,5061],[1846,5,1955,5236],[8,5,2591,5222]];5240
301824.bj1;[0, 0, 0, -129990, -18940408];[[3933,10,2586,5127],[3801,10,3285,51],[1,4071,1441,4848],[6,5,25,21],[1,0,10,1],[1,10,0,1],[5231,10,5230,11],[5,8,5128,5061],[2623,10,2631,37]];5240
301824.bo1;[0, 0, 0, -129990, 18940408];[[3933,10,2586,5127],[1,4071,1441,4848],[6,5,25,21],[1,0,10,1],[1,10,0,1],[5231,10,5230,11],[5,8,5128,5061],[1846,5,1955,5236],[8,5,2591,5222]];5240
301824.bp1;[0, 0, 0, -519960, 151523264];[[3933,10,2586,5127],[3801,10,3285,51],[1,4071,1441,4848],[6,5,25,21],[1,0,10,1],[1,10,0,1],[5231,10,5230,11],[5,8,5128,5061],[2623,10,2631,37]];5240
303236.c1;[0, 0, 0, -690120760, 6980548907412];[[13331,10,13765,51],[1,12351,12341,15868],[1643,10,11901,37],[6,5,25,21],[1,0,10,1],[1,10,0,1],[17621,10,17620,11],[5,8,17518,17451]];17630
303236.d1;[0, 0, 0, -373240, -87797916];[[13331,10,13765,51],[1,12351,12341,15868],[1643,10,11901,37],[6,5,25,21],[1,0,10,1],[1,10,0,1],[17621,10,17620,11],[5,8,17518,17451]];17630
306779.b1;[1, 0, 0, 25713077, 187473561798];[[18371,10,18375,51],[1,23891,23881,20208],[36731,10,36730,11],[6,5,25,21],[26721,10,23385,51],[1,0,10,1],[1,10,0,1],[17383,10,14751,37],[5,8,36628,36561]];36740
306779.c1;[1, 0, 0, 922, -40175];[[1,23891,23881,20208],[36731,10,36730,11],[6,5,18365,36736],[6,5,25,21],[1,0,10,1],[1,10,0,1],[5,8,36628,36561],[34108,5,27911,36722],[13366,5,13355,36736]];36740
309141.e1;[1, -1, 1, -65291015, -172341148724];[[1,14731,14721,4908],[6,5,25,21],[6,5,49065,98136],[1,0,10,1],[98131,10,98130,11],[70108,5,28011,98122],[93946,5,3495,98136],[5,8,98028,97961],[1,10,0,1]];98140
309141.f1;[1, -1, 1, -1332470, 502833034];[[14023,10,84131,37],[1,14731,14721,4908],[5,8,98028,97961],[6,5,25,21],[1,0,10,1],[1,10,0,1],[97441,10,94645,51],[49071,10,49075,51],[98131,10,98130,11]];98140
312228.m1;[0, 0, 0, -2136645, 945112833];[[598,5,1151,1752],[366,5,1465,1766],[1761,10,1760,11],[5,8,1658,1591],[1,541,531,178],[6,5,25,21],[1,0,10,1],[1,10,0,1]];1770
312228.v1;[0, 0, 0, -237405, -35004179];[[6,5,25,21],[1761,10,1760,11],[1,541,531,178],[1,0,10,1],[3,10,601,37],[5,8,1658,1591],[61,10,305,51],[1,10,0,1]];1770
313200.e1;[0, 0, 0, -713475, -232167870];[[3,10,301,37],[3,793,53,322],[5,8,758,691],[6,5,25,21],[1,0,10,1],[1,10,0,1],[31,10,155,51],[861,10,860,11]];870
313200.f1;[0, 0, 0, -79275, 8598810];[[3,10,301,37],[3,793,53,322],[5,8,758,691],[6,5,25,21],[1,0,10,1],[1,10,0,1],[31,10,155,51],[861,10,860,11]];870
313200.ek1;[0, 0, 0, -78375, 5017250];[[1731,10,1730,11],[1,271,261,88],[1168,5,551,1722],[6,5,865,1736],[6,5,25,21],[186,5,715,1736],[1,0,10,1],[1,10,0,1],[5,8,1628,1561]];1740
313200.el1;[0, 0, 0, -705375, -135465750];[[1731,10,1730,11],[1,271,261,88],[6,5,25,21],[1,0,10,1],[3,10,1171,37],[1,10,0,1],[5,8,1628,1561],[871,10,875,51],[901,10,1025,51]];1740
313200.it1;[0, 0, 0, -1981875, 1074851250];[[3,10,301,37],[3,793,53,322],[5,8,758,691],[6,5,25,21],[1,0,10,1],[1,10,0,1],[31,10,155,51],[861,10,860,11]];870
313200.iu1;[0, 0, 0, -17836875, -29020983750];[[186,5,715,866],[3,793,53,322],[5,8,758,691],[298,5,551,852],[6,5,25,21],[1,0,10,1],[1,10,0,1],[861,10,860,11]];870
313600.bz1;[0, 0, 0, -8750, 315000];[[1,0,10,1],[13,10,26,7],[6,5,25,21],[1,10,0,1],[23,13,33,2],[23,10,31,37],[5,8,8,21],[31,10,30,11]];40
313600.ca1;[0, 0, 0, -17150, -864360];[[1,0,10,1],[13,10,26,7],[6,5,25,21],[1,10,0,1],[23,13,33,2],[8,5,31,22],[5,8,8,21],[31,10,30,11]];40
313600.cb1;[0, 0, 0, -1400, -20160];[[1,0,10,1],[13,10,26,7],[6,5,25,21],[1,10,0,1],[23,13,33,2],[23,10,31,37],[5,8,8,21],[31,10,30,11]];40
313600.cc1;[0, 0, 0, -1715000, 864360000];[[1,0,10,1],[13,10,26,7],[6,5,25,21],[1,10,0,1],[23,13,33,2],[23,10,31,37],[5,8,8,21],[31,10,30,11]];40
313600.cd1;[0, 0, 0, -35000, -2520000];[[1,0,10,1],[13,10,26,7],[6,5,25,21],[1,10,0,1],[23,13,33,2],[23,10,31,37],[5,8,8,21],[31,10,30,11]];40
313600.ce1;[0, 0, 0, -68600, 6914880];[[1,0,10,1],[13,10,26,7],[6,5,25,21],[1,10,0,1],[23,13,33,2],[23,10,31,37],[5,8,8,21],[31,10,30,11]];40
313600.cf1;[0, 0, 0, -350, 2520];[[1,0,10,1],[13,10,26,7],[6,5,25,21],[1,10,0,1],[23,13,33,2],[8,5,31,22],[5,8,8,21],[31,10,30,11]];40
313600.cg1;[0, 0, 0, -428750, -108045000];[[1,0,10,1],[13,10,26,7],[6,5,25,21],[1,10,0,1],[23,13,33,2],[23,10,31,37],[5,8,8,21],[31,10,30,11]];40
313600.dp1;[0, 0, 0, -17150, 864360];[[1,0,10,1],[13,10,26,7],[6,5,25,21],[1,10,0,1],[23,13,33,2],[23,10,31,37],[5,8,8,21],[31,10,30,11]];40
313600.dq1;[0, 0, 0, -8750, -315000];[[1,0,10,1],[13,10,26,7],[6,5,25,21],[1,10,0,1],[23,13,33,2],[23,10,31,37],[5,8,8,21],[31,10,30,11]];40
313600.dr1;[0, 0, 0, -1715000, -864360000];[[1,0,10,1],[13,10,26,7],[6,5,25,21],[1,10,0,1],[23,13,33,2],[8,5,31,22],[5,8,8,21],[31,10,30,11]];40
313600.ds1;[0, 0, 0, -1400, 20160];[[1,0,10,1],[13,10,26,7],[6,5,25,21],[1,10,0,1],[23,13,33,2],[23,10,31,37],[5,8,8,21],[31,10,30,11]];40
313600.dt1;[0, 0, 0, -68600, -6914880];[[1,0,10,1],[13,10,26,7],[6,5,25,21],[1,10,0,1],[23,13,33,2],[8,5,31,22],[5,8,8,21],[31,10,30,11]];40
313600.du1;[0, 0, 0, -35000, 2520000];[[1,0,10,1],[13,10,26,7],[6,5,25,21],[1,10,0,1],[23,13,33,2],[8,5,31,22],[5,8,8,21],[31,10,30,11]];40
313600.dv1;[0, 0, 0, -428750, 108045000];[[1,0,10,1],[13,10,26,7],[6,5,25,21],[1,10,0,1],[23,13,33,2],[23,10,31,37],[5,8,8,21],[31,10,30,11]];40
313600.dw1;[0, 0, 0, -350, -2520];[[1,0,10,1],[13,10,26,7],[6,5,25,21],[1,10,0,1],[23,13,33,2],[23,10,31,37],[5,8,8,21],[31,10,30,11]];40
318843.b1;[0, 0, 1, -2259390, -1327598393];[[4828,5,2381,7212],[7221,10,7220,11],[5826,5,7195,7226],[6,5,25,21],[5,8,7118,7051],[1,0,10,1],[1,10,0,1],[1,5071,5061,6508]];7230
318843.c1;[0, 0, 1, -20334510, 35845156604];[[4828,5,2381,7212],[7221,10,7220,11],[5826,5,7195,7226],[6,5,25,21],[5,8,7118,7051],[1,0,10,1],[1,10,0,1],[1,5071,5061,6508]];7230
322812.m1;[0, 0, 0, -235128705, 1387735158957];[[6,5,25,21],[1771,10,1535,51],[3,10,1231,37],[1821,10,1820,11],[1,0,10,1],[1,1291,1281,1648],[5,8,1718,1651],[1,10,0,1]];1830
322812.r1;[0, 0, 0, -2116158345, -37468849291839];[[6,5,25,21],[1771,10,1535,51],[3,10,1231,37],[1821,10,1820,11],[1,0,10,1],[1,1291,1281,1648],[5,8,1718,1651],[1,10,0,1]];1830
324900.dy1;[0, 0, 0, -111115800, -450829209375];[[11,51,3,14],[56,5,15,16],[31,5,45,16],[41,20,40,21],[1,20,0,1],[1,0,20,1],[1,4,16,5],[37,20,24,1]];60
324900.dz1;[0, 0, 0, -307800, 65728125];[[11,51,3,14],[56,5,15,16],[31,5,45,16],[41,20,40,21],[1,20,0,1],[1,0,20,1],[1,4,16,5],[37,20,24,1]];60
324900.eh1;[0, 0, 0, -12346200, 16697378125];[[11,51,3,14],[56,5,15,16],[31,5,45,16],[41,20,40,21],[1,20,0,1],[1,0,20,1],[1,4,16,5],[37,20,24,1]];60
324900.ei1;[0, 0, 0, -34200, -2434375];[[11,51,3,14],[56,5,15,16],[31,5,45,16],[41,20,40,21],[1,20,0,1],[1,0,20,1],[1,4,16,5],[37,20,24,1]];60
325424.bk1;[0, 0, 0, -1505, 5547];[[4721,10,4720,11],[1,3321,3311,4258],[5,8,4618,4551],[6,5,25,21],[431,10,2155,51],[1,0,10,1],[1,10,0,1],[1213,10,2871,37]];4730
325424.bn1;[0, 0, 0, -2782745, -441025329];[[2586,5,2575,4726],[4721,10,4720,11],[1,3321,3311,4258],[5,8,4618,4551],[6,5,25,21],[1,0,10,1],[1,10,0,1],[1658,5,4041,4712]];4730
341775.ca1;[0, 0, 1, -189000, -1222594];[[3,10,631,37],[921,10,920,11],[871,10,635,51],[6,5,25,21],[1,0,10,1],[1,661,651,838],[1,10,0,1],[5,8,818,751]];930
341775.cf1;[0, 0, 1, -9261000, 419349656];[[3,10,631,37],[921,10,920,11],[871,10,635,51],[6,5,25,21],[1,0,10,1],[1,661,651,838],[1,10,0,1],[5,8,818,751]];930
341775.dj1;[0, 0, 1, -21000, 45281];[[3,10,631,37],[921,10,920,11],[871,10,635,51],[6,5,25,21],[1,0,10,1],[1,661,651,838],[1,10,0,1],[5,8,818,751]];930
341775.dm1;[0, 0, 1, -1029000, -15531469];[[3,10,631,37],[921,10,920,11],[871,10,635,51],[6,5,25,21],[1,0,10,1],[1,661,651,838],[1,10,0,1],[5,8,818,751]];930
357075.m1;[1, -1, 1, -557930, 45052822];[[1,0,10,1],[5,8,8,1],[6,5,25,21],[1,10,0,1],[51,10,50,11],[3,13,53,22],[6,5,25,56],[28,5,11,42]];60
357075.n1;[1, -1, 1, -2480, -12688];[[3,10,31,37],[5,8,8,1],[31,10,35,51],[51,10,50,11],[3,13,53,22],[1,0,10,1],[6,5,25,21],[1,10,0,1]];60
357075.cf1;[1, -1, 0, -22317, 364886];[[3,10,31,37],[5,8,8,1],[31,10,35,51],[51,10,50,11],[3,13,53,22],[1,0,10,1],[6,5,25,21],[1,10,0,1]];60
357075.cg1;[1, -1, 0, -61992, -1647959];[[3,10,31,37],[5,8,8,1],[31,10,35,51],[51,10,50,11],[3,13,53,22],[1,0,10,1],[6,5,25,21],[1,10,0,1]];60
363312.bg1;[0, 0, 0, -2636535, 978925682];[[1731,10,1730,11],[1,271,261,88],[6,5,25,21],[1,0,10,1],[3,10,1171,37],[1,10,0,1],[5,8,1628,1561],[871,10,875,51],[901,10,1025,51]];1740
363312.bl1;[0, 0, 0, -23728815, -26430993414];[[1731,10,1730,11],[1,271,261,88],[6,5,25,21],[1,0,10,1],[3,10,1171,37],[1,10,0,1],[5,8,1628,1561],[871,10,875,51],[901,10,1025,51]];1740
372400.x1;[0, 1, 0, 3092, 91608];[[6,5,25,21],[3,1473,2493,1882],[1,0,10,1],[1331,10,1335,51],[5,8,2548,2481],[1541,10,2385,51],[1143,10,1531,37],[2651,10,2650,11],[1,10,0,1]];2660
372400.y1;[0, 1, 0, 3787292, -3882243912];[[6,5,25,21],[3,1473,2493,1882],[1,0,10,1],[6,5,1325,2656],[5,8,2548,2481],[1266,5,275,2656],[2651,10,2650,11],[1,10,0,1],[388,5,2251,2642]];2660
372400.ir1;[0, -1, 0, 77292, 11296412];[[6,5,25,21],[3,1473,2493,1882],[1,0,10,1],[1331,10,1335,51],[5,8,2548,2481],[1541,10,2385,51],[1143,10,1531,37],[2651,10,2650,11],[1,10,0,1]];2660
372400.is1;[0, -1, 0, 151492, -31118548];[[6,5,25,21],[3,1473,2493,1882],[1,0,10,1],[1331,10,1335,51],[5,8,2548,2481],[1541,10,2385,51],[1143,10,1531,37],[2651,10,2650,11],[1,10,0,1]];2660
375948.i1;[0, 0, 0, -16865445, -20959543087];[[6,5,25,21],[1761,10,1760,11],[1,541,531,178],[1,0,10,1],[3,10,601,37],[5,8,1658,1591],[61,10,305,51],[1,10,0,1]];1770
375948.j1;[0, 0, 0, -151789005, 565907663349];[[598,5,1151,1752],[366,5,1465,1766],[1761,10,1760,11],[5,8,1658,1591],[1,541,531,178],[6,5,25,21],[1,0,10,1],[1,10,0,1]];1770
376884.k1;[0, 0, 0, -124545, -35371863];[[3,10,301,37],[1,271,261,88],[5,8,758,691],[6,5,25,21],[1,0,10,1],[1,10,0,1],[31,10,155,51],[861,10,860,11]];870
376884.m1;[0, 0, 0, -1120905, 955040301];[[3,10,301,37],[1,271,261,88],[5,8,758,691],[6,5,25,21],[1,0,10,1],[1,10,0,1],[31,10,155,51],[861,10,860,11]];870
378972.k1;[0, 0, 0, -379335, 53423678];[[1731,10,1730,11],[1,271,261,88],[1168,5,551,1722],[6,5,865,1736],[6,5,25,21],[186,5,715,1736],[1,0,10,1],[1,10,0,1],[5,8,1628,1561]];1740
378972.l1;[0, 0, 0, -3414015, -1442439306];[[1731,10,1730,11],[1,271,261,88],[6,5,25,21],[1,0,10,1],[3,10,1171,37],[1,10,0,1],[5,8,1628,1561],[871,10,875,51],[901,10,1025,51]];1740
401261.f1;[1, -1, 0, -30510894542, -2051297885590283];[[1,401271,401261,515908],[6,5,25,21],[1,0,10,1],[573231,10,573235,51],[5,8,1146348,1146281],[1146451,10,1146450,11],[712881,10,125025,51],[982683,10,163791,37],[844761,10,784425,51],[1,10,0,1]];1146460
401261.g1;[1, -1, 0, -622671317, 5980638213934];[[1,401271,401261,515908],[6,5,25,21],[1,0,10,1],[573231,10,573235,51],[5,8,1146348,1146281],[1146451,10,1146450,11],[712881,10,125025,51],[982683,10,163791,37],[844761,10,784425,51],[1,10,0,1]];1146460
401868.k1;[0, 0, 0, -160698473505, 24795092947845213];[[6,5,25,21],[1771,10,1535,51],[3,10,1231,37],[1821,10,1820,11],[1,0,10,1],[1,1291,1281,1648],[5,8,1718,1651],[1,10,0,1]];1830
401868.n1;[0, 0, 0, -17855385945, -918336775846119];[[6,5,25,21],[1771,10,1535,51],[3,10,1231,37],[1821,10,1820,11],[1,0,10,1],[1,1291,1281,1648],[5,8,1718,1651],[1,10,0,1]];1830
404325.f1;[0, 0, 1, -277006500, 1774389583406];[[5998,5,11951,17952],[3636,5,17935,17966],[6,5,25,21],[1,0,10,1],[1,10,0,1],[1,5401,5391,1798],[5,8,17858,17791],[17961,10,17960,11]];17970
404325.g1;[0, 0, 1, -30778500, -65718132719];[[3601,10,35,51],[6,5,25,21],[1,0,10,1],[1,10,0,1],[1,5401,5391,1798],[5,8,17858,17791],[17961,10,17960,11],[3,10,6001,37]];17970
416448.ba1;[0, 0, 0, -184440, -30964394];[[5,8,7118,7051],[6,5,25,21],[1,5071,5061,6508],[1,0,10,1],[5791,10,35,51],[7221,10,7220,11],[3,10,4831,37],[1,10,0,1]];7230
416448.bd1;[0, 0, 0, -1659960, 836038638];[[4828,5,2381,7212],[7221,10,7220,11],[5826,5,7195,7226],[6,5,25,21],[5,8,7118,7051],[1,0,10,1],[1,10,0,1],[1,5071,5061,6508]];7230
416448.by1;[0, 0, 0, -1659960, -836038638];[[4828,5,2381,7212],[7221,10,7220,11],[5826,5,7195,7226],[6,5,25,21],[5,8,7118,7051],[1,0,10,1],[1,10,0,1],[1,5071,5061,6508]];7230
416448.cb1;[0, 0, 0, -184440, 30964394];[[5,8,7118,7051],[6,5,25,21],[1,5071,5061,6508],[1,0,10,1],[5791,10,35,51],[7221,10,7220,11],[3,10,4831,37],[1,10,0,1]];7230
417600.fp1;[0, 0, 0, -310500, -139239000];[[3,10,301,37],[1,271,261,88],[5,8,758,691],[6,5,25,21],[1,0,10,1],[1,10,0,1],[31,10,155,51],[861,10,860,11]];870
417600.gp1;[0, 0, 0, -34500, 5157000];[[3,10,301,37],[1,271,261,88],[5,8,758,691],[6,5,25,21],[1,0,10,1],[1,10,0,1],[31,10,155,51],[861,10,860,11]];870
417600.je1;[0, 0, 0, -34500, -5157000];[[186,5,715,866],[1,271,261,88],[5,8,758,691],[298,5,551,852],[6,5,25,21],[1,0,10,1],[1,10,0,1],[861,10,860,11]];870
417600.ke1;[0, 0, 0, -310500, 139239000];[[3,10,301,37],[1,271,261,88],[5,8,758,691],[6,5,25,21],[1,0,10,1],[1,10,0,1],[31,10,155,51],[861,10,860,11]];870
421596.m1;[0, 0, 0, -4382258895, 111659601522294];[[1,9331,9321,7888],[6,5,25,21],[1,0,10,1],[5,8,14228,14161],[9568,5,4751,14322],[6,5,7165,14336],[8646,5,7135,14336],[14331,10,14330,11],[1,10,0,1]];14340
421596.n1;[0, 0, 0, -89433855, -325538196858];[[5,8,14228,14161],[6,5,25,21],[1,9331,9321,7888],[1,0,10,1],[1,10,0,1],[7171,10,7175,51],[1441,10,7205,51],[3,10,9571,37],[14331,10,14330,11]];14340
421596.u1;[0, 0, 0, -486917655, -4135540797122];[[5,8,14228,14161],[6,5,25,21],[1,9331,9321,7888],[1,0,10,1],[1,10,0,1],[7171,10,7175,51],[1441,10,7205,51],[3,10,9571,37],[14331,10,14330,11]];14340
421596.v1;[0, 0, 0, -9937095, 12056970254];[[5,8,14228,14161],[6,5,25,21],[1,9331,9321,7888],[1,0,10,1],[1,10,0,1],[7171,10,7175,51],[1441,10,7205,51],[3,10,9571,37],[14331,10,14330,11]];14340
423801.bf1;[0, 0, 1, -807240, -10791790];[[3,10,631,37],[921,10,920,11],[871,10,635,51],[6,5,25,21],[1,0,10,1],[1,661,651,838],[1,10,0,1],[5,8,818,751]];930
423801.bg1;[0, 0, 1, -39554760, 3701583884];[[3,10,631,37],[921,10,920,11],[871,10,635,51],[6,5,25,21],[1,0,10,1],[1,661,651,838],[1,10,0,1],[5,8,818,751]];930
423801.bp1;[0, 0, 1, -7265160, 291378323];[[921,10,920,11],[6,5,25,21],[1,0,10,1],[1,661,651,838],[1,10,0,1],[628,5,281,912],[576,5,295,926],[5,8,818,751]];930
423801.bq1;[0, 0, 1, -355992840, -99942764875];[[921,10,920,11],[6,5,25,21],[1,0,10,1],[1,661,651,838],[1,10,0,1],[628,5,281,912],[576,5,295,926],[5,8,818,751]];930
431433.g1;[1, -1, 1, -471218345, 3937262980886];[[3,10,22051,37],[6,5,25,21],[1,0,10,1],[16531,10,16535,51],[12181,10,27845,51],[33051,10,33050,11],[11403,10,30791,37],[5,8,32948,32881],[1,28111,28101,31408],[1,10,0,1]];33060
431433.h1;[1, -1, 1, -5042765, -4357381310];[[19388,5,33031,33042],[6,5,25,21],[1,0,10,1],[33051,10,33050,11],[22048,5,10991,33042],[6,5,16525,33056],[5,8,32948,32881],[1,28111,28101,31408],[6966,5,5215,33056],[1,10,0,1]];33060
431433.n1;[1, -1, 0, -4240965102, -106301859518827];[[3,10,22051,37],[6,5,25,21],[1,0,10,1],[16531,10,16535,51],[12181,10,27845,51],[33051,10,33050,11],[11403,10,30791,37],[5,8,32948,32881],[1,28111,28101,31408],[1,10,0,1]];33060
431433.o1;[1, -1, 0, -560307, 161571262];[[3,10,22051,37],[6,5,25,21],[1,0,10,1],[16531,10,16535,51],[12181,10,27845,51],[33051,10,33050,11],[11403,10,30791,37],[5,8,32948,32881],[1,28111,28101,31408],[1,10,0,1]];33060
458100.j1;[0, 0, 0, -213033375, 1194190269750];[[6,5,25,21],[5,8,30428,30361],[1,0,10,1],[15781,10,17825,51],[15271,10,15275,51],[30531,10,30530,11],[1,4591,4581,1528],[3,10,20371,37],[1,10,0,1]];30540
458100.m1;[0, 0, 0, -23670375, -44229269250];[[6,5,25,21],[20368,5,10151,30522],[5,8,30428,30361],[1,0,10,1],[30531,10,30530,11],[1,4591,4581,1528],[6,5,15265,30536],[3066,5,12715,30536],[1,10,0,1]];30540
470988.i1;[0, 0, 0, -3648855, -2682760066];[[181,10,905,51],[6,5,25,21],[5,8,5228,5161],[1,0,10,1],[2671,10,2675,51],[1,811,801,268],[5331,10,5330,11],[1,10,0,1],[3,10,3571,37]];5340
470988.j1;[0, 0, 0, -178793895, 920186702638];[[6,5,2665,5336],[6,5,25,21],[5,8,5228,5161],[1,0,10,1],[1086,5,4435,5336],[1,811,801,268],[5331,10,5330,11],[3568,5,1751,5322],[1,10,0,1]];5340
470988.o1;[0, 0, 0, -32839695, 72434521782];[[6,5,2665,5336],[6,5,25,21],[5,8,5228,5161],[1,0,10,1],[1086,5,4435,5336],[1,811,801,268],[5331,10,5330,11],[3568,5,1751,5322],[1,10,0,1]];5340
470988.p1;[0, 0, 0, -1609145055, -24845040971226];[[181,10,905,51],[6,5,25,21],[5,8,5228,5161],[1,0,10,1],[2671,10,2675,51],[1,811,801,268],[5331,10,5330,11],[1,10,0,1],[3,10,3571,37]];5340
474957.p1;[0, 0, 1, -743820, 130845839];[[10761,10,10760,11],[1,3241,3231,1078],[6,5,25,21],[1,0,10,1],[1,10,0,1],[3,10,3601,37],[2161,10,35,51],[5,8,10658,10591]];10770
474957.q1;[0, 0, 1, -6694380, -3532837660];[[10761,10,10760,11],[1,3241,3231,1078],[6,5,25,21],[1,0,10,1],[1,10,0,1],[3,10,3601,37],[2161,10,35,51],[5,8,10658,10591]];10770
475983.c1;[0, 0, 1, -2311959540, 68042952946134];[[5,8,8,1],[1,1,21,28],[1,0,10,1],[3,10,1,7],[21,10,20,11],[6,5,25,21],[1,10,0,1]];30
475983.d1;[0, 0, 1, -20807635860, -1837159729545625];[[5,8,8,1],[1,1,21,28],[1,0,10,1],[3,10,1,7],[21,10,20,11],[6,5,25,21],[1,10,0,1]];30
475983.e1;[0, 0, 1, -71998740, -373938475381];[[5,8,8,1],[1,1,21,28],[1,0,10,1],[3,10,1,7],[21,10,20,11],[6,5,25,21],[1,10,0,1]];30
475983.f1;[0, 0, 1, -7999860, 13849573162];[[5,8,8,1],[1,1,21,28],[28,5,11,12],[1,0,10,1],[21,10,20,11],[6,5,25,21],[1,10,0,1]];30
476100.bi1;[0, 0, 0, -68439375, -217226576250];[[5,8,348,281],[3,33,173,2],[6,5,25,21],[1,0,10,1],[1,10,0,1],[383,10,331,37],[231,10,235,51],[451,10,450,11]];460
476100.bp1;[0, 0, 0, -5175, 142830];[[5,8,348,281],[3,33,173,2],[6,5,225,456],[408,5,131,442],[6,5,25,21],[1,0,10,1],[1,10,0,1],[451,10,450,11]];460
476100.bv1;[0, 0, 0, -2737575, -1737812610];[[5,8,348,281],[3,33,173,2],[6,5,25,21],[1,0,10,1],[1,10,0,1],[383,10,331,37],[231,10,235,51],[451,10,450,11]];460
476100.cb1;[0, 0, 0, -129375, 17853750];[[5,8,348,281],[3,33,173,2],[6,5,225,456],[408,5,131,442],[6,5,25,21],[1,0,10,1],[1,10,0,1],[451,10,450,11]];460
478044.p1;[0, 0, 0, -45987480, -111366970092];[[3,10,5431,37],[1,5701,5691,7318],[6,5,25,21],[1,0,10,1],[6781,10,1385,51],[1,10,0,1],[5,8,8018,7951],[8121,10,8120,11]];8130
478044.q1;[0, 0, 0, -5109720, 4124702596];[[3,10,5431,37],[1,5701,5691,7318],[6,5,25,21],[1,0,10,1],[6781,10,1385,51],[1,10,0,1],[5,8,8018,7951],[8121,10,8120,11]];8130
480249.k1;[1, -1, 1, -213960935, -1203912498302];[[6,5,25,21],[1,0,10,1],[761,10,760,11],[1,241,231,78],[211,10,285,51],[5,8,658,591],[443,10,341,37],[1,10,0,1]];770
480249.q1;[1, -1, 1, -4366550, 3511196560];[[6,5,25,21],[1,0,10,1],[761,10,760,11],[1,241,231,78],[211,10,285,51],[5,8,658,591],[443,10,341,37],[1,10,0,1]];770
480249.bh1;[1, -1, 0, -23773437, 44597276268];[[6,5,25,21],[1,0,10,1],[761,10,760,11],[1,241,231,78],[211,10,285,51],[5,8,658,591],[443,10,341,37],[1,10,0,1]];770
480249.bn1;[1, -1, 0, -485172, -129882593];[[6,5,25,21],[1,0,10,1],[761,10,760,11],[1,241,231,78],[211,10,285,51],[5,8,658,591],[443,10,341,37],[1,10,0,1]];770
484416.do1;[0, 0, 0, -10445220, 27167199768];[[3,10,301,37],[1,271,261,88],[5,8,758,691],[6,5,25,21],[1,0,10,1],[1,10,0,1],[31,10,155,51],[861,10,860,11]];870
484416.ea1;[0, 0, 0, -1160580, -1006192584];[[3,10,301,37],[1,271,261,88],[5,8,758,691],[6,5,25,21],[1,0,10,1],[1,10,0,1],[31,10,155,51],[861,10,860,11]];870
484416.eh1;[0, 0, 0, -1160580, 1006192584];[[3,10,301,37],[1,271,261,88],[5,8,758,691],[6,5,25,21],[1,0,10,1],[1,10,0,1],[31,10,155,51],[861,10,860,11]];870
484416.et1;[0, 0, 0, -10445220, -27167199768];[[186,5,715,866],[1,271,261,88],[5,8,758,691],[298,5,551,852],[6,5,25,21],[1,0,10,1],[1,10,0,1],[861,10,860,11]];870
490284.a1;[0, 0, 0, -362561805, -2592115551927];[[1,122581,122571,40858],[408561,10,408560,11],[5,8,408458,408391],[6,5,25,21],[1,0,10,1],[1,10,0,1],[13621,10,68105,51],[3,10,136201,37]];408570
490284.b1;[0, 0, 0, -40284645, 96004279701];[[1,122581,122571,40858],[408561,10,408560,11],[5,8,408458,408391],[6,5,25,21],[1,0,10,1],[1,10,0,1],[13621,10,68105,51],[3,10,136201,37]];408570
495477.a1;[0, 0, 1, -1090890, 415333238];[[12241,10,35,51],[6,5,25,21],[1,18361,18351,6118],[1,0,10,1],[1,10,0,1],[3,10,20401,37],[5,8,61058,60991],[61161,10,61160,11]];61170
495477.b1;[0, 0, 1, -9818010, -11213997433];[[12241,10,35,51],[6,5,25,21],[1,18361,18351,6118],[1,0,10,1],[1,10,0,1],[3,10,20401,37],[5,8,61058,60991],[61161,10,61160,11]];61170
529200.bs1;[0, 0, 0, -33075, -648270];[[3,10,31,37],[5,8,8,1],[31,10,35,51],[51,10,50,11],[3,13,53,22],[1,0,10,1],[6,5,25,21],[1,10,0,1]];60
529200.ck1;[0, 0, 0, -826875, -81033750];[[3,10,31,37],[5,8,8,1],[31,10,35,51],[51,10,50,11],[3,13,53,22],[1,0,10,1],[6,5,25,21],[1,10,0,1]];60
529200.xh1;[0, 0, 0, -3675, 24010];[[3,10,31,37],[5,8,8,1],[31,10,35,51],[51,10,50,11],[3,13,53,22],[1,0,10,1],[6,5,25,21],[1,10,0,1]];60
529200.xv1;[0, 0, 0, -91875, 3001250];[[1,0,10,1],[5,8,8,1],[6,5,25,21],[1,10,0,1],[51,10,50,11],[3,13,53,22],[6,5,25,56],[28,5,11,42]];60
705600.tt1;[0, 0, 0, -52500, -4655000];[[61,10,60,11],[1,0,10,1],[6,5,25,21],[1,10,0,1],[5,8,28,31],[3,3,43,62],[23,10,61,37]];70
705600.tu1;[0, 0, 0, -102900, 12773320];[[61,10,60,11],[1,0,10,1],[6,5,25,21],[1,10,0,1],[5,8,28,31],[3,3,43,62],[23,10,61,37]];70
705600.uj1;[0, 0, 0, -2572500, 1596665000];[[61,10,60,11],[1,0,10,1],[6,5,25,21],[1,10,0,1],[5,8,28,31],[3,3,43,62],[23,10,61,37]];70
705600.uk1;[0, 0, 0, -2100, -37240];[[61,10,60,11],[1,0,10,1],[6,5,25,21],[1,10,0,1],[5,8,28,31],[3,3,43,62],[23,10,61,37]];70
705600.bin1;[0, 0, 0, -102900, -12773320];[[61,10,60,11],[1,0,10,1],[6,5,25,21],[1,10,0,1],[38,5,11,52],[5,8,28,31],[3,3,43,62]];70
705600.bio1;[0, 0, 0, -52500, 4655000];[[61,10,60,11],[1,0,10,1],[6,5,25,21],[1,10,0,1],[38,5,11,52],[5,8,28,31],[3,3,43,62]];70
705600.bjd1;[0, 0, 0, -2100, 37240];[[61,10,60,11],[1,0,10,1],[6,5,25,21],[1,10,0,1],[5,8,28,31],[3,3,43,62],[23,10,61,37]];70
705600.bje1;[0, 0, 0, -2572500, -1596665000];[[61,10,60,11],[1,0,10,1],[6,5,25,21],[1,10,0,1],[5,8,28,31],[3,3,43,62],[23,10,61,37]];70
2116800.eo1;[0, 0, 0, -367500, 24010000];[[3,10,31,37],[5,8,8,1],[31,10,35,51],[51,10,50,11],[3,13,53,22],[1,0,10,1],[6,5,25,21],[1,10,0,1]];60
2116800.ep1;[0, 0, 0, -3307500, 648270000];[[3,10,31,37],[5,8,8,1],[31,10,35,51],[51,10,50,11],[3,13,53,22],[1,0,10,1],[6,5,25,21],[1,10,0,1]];60
2116800.gp1;[0, 0, 0, -132300, 5186160];[[3,10,31,37],[5,8,8,1],[31,10,35,51],[51,10,50,11],[3,13,53,22],[1,0,10,1],[6,5,25,21],[1,10,0,1]];60
2116800.gu1;[0, 0, 0, -14700, 192080];[[3,10,31,37],[5,8,8,1],[31,10,35,51],[51,10,50,11],[3,13,53,22],[1,0,10,1],[6,5,25,21],[1,10,0,1]];60
2116800.cli1;[0, 0, 0, -367500, -24010000];[[3,10,31,37],[5,8,8,1],[31,10,35,51],[51,10,50,11],[3,13,53,22],[1,0,10,1],[6,5,25,21],[1,10,0,1]];60
2116800.clj1;[0, 0, 0, -3307500, -648270000];[[3,10,31,37],[5,8,8,1],[31,10,35,51],[51,10,50,11],[3,13,53,22],[1,0,10,1],[6,5,25,21],[1,10,0,1]];60
2116800.cnk1;[0, 0, 0, -132300, -5186160];[[3,10,31,37],[5,8,8,1],[31,10,35,51],[51,10,50,11],[3,13,53,22],[1,0,10,1],[6,5,25,21],[1,10,0,1]];60
2116800.cnn1;[0, 0, 0, -14700, -192080];[[1,0,10,1],[5,8,8,1],[6,5,25,21],[1,10,0,1],[51,10,50,11],[3,13,53,22],[6,5,25,56],[28,5,11,42]];60
2822400.cn1;[0, 0, 0, -15435000, 23337720000];[[1,0,10,1],[13,10,26,7],[6,5,25,21],[1,10,0,1],[23,13,33,2],[23,10,31,37],[5,8,8,21],[31,10,30,11]];40
2822400.co1;[0, 0, 0, -12600, -544320];[[1,0,10,1],[13,10,26,7],[6,5,25,21],[1,10,0,1],[23,13,33,2],[23,10,31,37],[5,8,8,21],[31,10,30,11]];40
2822400.dd1;[0, 0, 0, -154350, -23337720];[[1,0,10,1],[13,10,26,7],[6,5,25,21],[1,10,0,1],[23,13,33,2],[8,5,31,22],[5,8,8,21],[31,10,30,11]];40
2822400.de1;[0, 0, 0, -78750, 8505000];[[1,0,10,1],[13,10,26,7],[6,5,25,21],[1,10,0,1],[23,13,33,2],[23,10,31,37],[5,8,8,21],[31,10,30,11]];40
2822400.dm1;[0, 0, 0, -3858750, -2917215000];[[1,0,10,1],[13,10,26,7],[6,5,25,21],[1,10,0,1],[23,13,33,2],[23,10,31,37],[5,8,8,21],[31,10,30,11]];40
2822400.dn1;[0, 0, 0, -3150, 68040];[[1,0,10,1],[13,10,26,7],[6,5,25,21],[1,10,0,1],[23,13,33,2],[23,10,31,37],[5,8,8,21],[31,10,30,11]];40
2822400.ec1;[0, 0, 0, -617400, 186701760];[[1,0,10,1],[13,10,26,7],[6,5,25,21],[1,10,0,1],[23,13,33,2],[23,10,31,37],[5,8,8,21],[31,10,30,11]];40
2822400.ed1;[0, 0, 0, -315000, -68040000];[[1,0,10,1],[13,10,26,7],[6,5,25,21],[1,10,0,1],[23,13,33,2],[23,10,31,37],[5,8,8,21],[31,10,30,11]];40
2822400.xj1;[0, 0, 0, -12600, 544320];[[1,0,10,1],[13,10,26,7],[6,5,25,21],[1,10,0,1],[23,13,33,2],[23,10,31,37],[5,8,8,21],[31,10,30,11]];40
2822400.xk1;[0, 0, 0, -15435000, -23337720000];[[1,0,10,1],[13,10,26,7],[6,5,25,21],[1,10,0,1],[23,13,33,2],[23,10,31,37],[5,8,8,21],[31,10,30,11]];40
2822400.xz1;[0, 0, 0, -78750, -8505000];[[1,0,10,1],[13,10,26,7],[6,5,25,21],[1,10,0,1],[23,13,33,2],[23,10,31,37],[5,8,8,21],[31,10,30,11]];40
2822400.ya1;[0, 0, 0, -154350, 23337720];[[1,0,10,1],[13,10,26,7],[6,5,25,21],[1,10,0,1],[23,13,33,2],[8,5,31,22],[5,8,8,21],[31,10,30,11]];40
2822400.yi1;[0, 0, 0, -3150, -68040];[[1,0,10,1],[13,10,26,7],[6,5,25,21],[1,10,0,1],[23,13,33,2],[23,10,31,37],[5,8,8,21],[31,10,30,11]];40
2822400.yj1;[0, 0, 0, -3858750, 2917215000];[[1,0,10,1],[13,10,26,7],[6,5,25,21],[1,10,0,1],[23,13,33,2],[23,10,31,37],[5,8,8,21],[31,10,30,11]];40
2822400.yy1;[0, 0, 0, -315000, 68040000];[[1,0,10,1],[13,10,26,7],[6,5,25,21],[1,10,0,1],[23,13,33,2],[23,10,31,37],[5,8,8,21],[31,10,30,11]];40
2822400.yz1;[0, 0, 0, -617400, -186701760];[[1,0,10,1],[13,10,26,7],[6,5,25,21],[1,10,0,1],[23,13,33,2],[8,5,31,22],[5,8,8,21],[31,10,30,11]];40
8467200.lo1;[0, 0, 0, -2415000, -1444520000];[[6,5,25,21],[5,8,728,661],[213,10,386,727],[1,0,10,1],[3,10,571,37],[831,10,830,11],[423,10,431,37],[423,493,113,202],[723,10,131,37],[1,10,0,1]];840
8467200.lp1;[0, 0, 0, -4733400, -3963762880];[[6,5,25,21],[5,8,728,661],[213,10,386,727],[248,5,571,822],[568,5,251,822],[8,5,391,822],[1,0,10,1],[831,10,830,11],[423,493,113,202],[1,10,0,1]];840
8467200.lq1;[0, 0, 0, -217350, -39002040];[[6,5,25,21],[5,8,728,661],[213,10,386,727],[1,0,10,1],[3,10,571,37],[831,10,830,11],[423,10,431,37],[423,493,113,202],[723,10,131,37],[1,10,0,1]];840
8467200.lr1;[0, 0, 0, -266253750, -1672212465000];[[6,5,25,21],[5,8,728,661],[213,10,386,727],[1,0,10,1],[3,10,571,37],[831,10,830,11],[423,10,431,37],[423,493,113,202],[723,10,131,37],[1,10,0,1]];840
8467200.ls1;[0, 0, 0, -217350, 39002040];[[6,5,25,21],[5,8,728,661],[213,10,386,727],[248,5,571,822],[568,5,251,822],[8,5,391,822],[1,0,10,1],[831,10,830,11],[423,493,113,202],[1,10,0,1]];840
8467200.lt1;[0, 0, 0, -266253750, 1672212465000];[[6,5,25,21],[5,8,728,661],[213,10,386,727],[248,5,571,822],[568,5,251,822],[8,5,391,822],[1,0,10,1],[831,10,830,11],[423,493,113,202],[1,10,0,1]];840
8467200.lu1;[0, 0, 0, -2415000, 1444520000];[[6,5,25,21],[5,8,728,661],[213,10,386,727],[1,0,10,1],[3,10,571,37],[831,10,830,11],[423,10,431,37],[423,493,113,202],[723,10,131,37],[1,10,0,1]];840
8467200.lv1;[0, 0, 0, -4733400, 3963762880];[[6,5,25,21],[5,8,728,661],[213,10,386,727],[1,0,10,1],[3,10,571,37],[831,10,830,11],[423,10,431,37],[423,493,113,202],[723,10,131,37],[1,10,0,1]];840
8467200.ma1;[0, 0, 0, -21735000, 39002040000];[[6,5,25,21],[5,8,728,661],[213,10,386,727],[1,0,10,1],[3,10,571,37],[831,10,830,11],[423,10,431,37],[423,493,113,202],[723,10,131,37],[1,10,0,1]];840
8467200.mb1;[0, 0, 0, -42600600, 107021597760];[[6,5,25,21],[5,8,728,661],[213,10,386,727],[1,0,10,1],[3,10,571,37],[831,10,830,11],[423,10,431,37],[423,493,113,202],[723,10,131,37],[1,10,0,1]];840
8467200.mc1;[0, 0, 0, -24150, 1444520];[[6,5,25,21],[5,8,728,661],[213,10,386,727],[1,0,10,1],[3,10,571,37],[831,10,830,11],[423,10,431,37],[423,493,113,202],[723,10,131,37],[1,10,0,1]];840
8467200.md1;[0, 0, 0, -29583750, 61933795000];[[6,5,25,21],[5,8,728,661],[213,10,386,727],[1,0,10,1],[3,10,571,37],[831,10,830,11],[423,10,431,37],[423,493,113,202],[723,10,131,37],[1,10,0,1]];840
8467200.me1;[0, 0, 0, -24150, -1444520];[[6,5,25,21],[5,8,728,661],[213,10,386,727],[248,5,571,822],[568,5,251,822],[8,5,391,822],[1,0,10,1],[831,10,830,11],[423,493,113,202],[1,10,0,1]];840
8467200.mf1;[0, 0, 0, -29583750, -61933795000];[[6,5,25,21],[5,8,728,661],[213,10,386,727],[1,0,10,1],[3,10,571,37],[831,10,830,11],[423,10,431,37],[423,493,113,202],[723,10,131,37],[1,10,0,1]];840
8467200.mg1;[0, 0, 0, -21735000, -39002040000];[[6,5,25,21],[5,8,728,661],[213,10,386,727],[1,0,10,1],[3,10,571,37],[831,10,830,11],[423,10,431,37],[423,493,113,202],[723,10,131,37],[1,10,0,1]];840
8467200.mh1;[0, 0, 0, -42600600, -107021597760];[[6,5,25,21],[5,8,728,661],[213,10,386,727],[1,0,10,1],[3,10,571,37],[831,10,830,11],[423,10,431,37],[423,493,113,202],[723,10,131,37],[1,10,0,1]];840
8467200.ou1;[0, 0, 0, -1065015000, 13377699720000];[[6,5,25,21],[5,8,728,661],[213,10,386,727],[248,5,571,822],[568,5,251,822],[8,5,391,822],[1,0,10,1],[831,10,830,11],[423,493,113,202],[1,10,0,1]];840
8467200.ov1;[0, 0, 0, -869400, 312016320];[[6,5,25,21],[5,8,728,661],[213,10,386,727],[1,0,10,1],[3,10,571,37],[831,10,830,11],[423,10,431,37],[423,493,113,202],[723,10,131,37],[1,10,0,1]];840
8467200.ow1;[0, 0, 0, -1183350, 495470360];[[6,5,25,21],[5,8,728,661],[213,10,386,727],[1,0,10,1],[3,10,571,37],[831,10,830,11],[423,10,431,37],[423,493,113,202],[723,10,131,37],[1,10,0,1]];840
8467200.ox1;[0, 0, 0, -603750, 180565000];[[6,5,25,21],[5,8,728,661],[213,10,386,727],[1,0,10,1],[3,10,571,37],[831,10,830,11],[423,10,431,37],[423,493,113,202],[723,10,131,37],[1,10,0,1]];840
8467200.oy1;[0, 0, 0, -1183350, -495470360];[[6,5,25,21],[5,8,728,661],[213,10,386,727],[1,0,10,1],[3,10,571,37],[831,10,830,11],[423,10,431,37],[423,493,113,202],[723,10,131,37],[1,10,0,1]];840
8467200.oz1;[0, 0, 0, -603750, -180565000];[[6,5,25,21],[5,8,728,661],[213,10,386,727],[248,5,571,822],[568,5,251,822],[8,5,391,822],[1,0,10,1],[831,10,830,11],[423,493,113,202],[1,10,0,1]];840
8467200.pa1;[0, 0, 0, -1065015000, -13377699720000];[[6,5,25,21],[5,8,728,661],[213,10,386,727],[248,5,571,822],[568,5,251,822],[8,5,391,822],[1,0,10,1],[831,10,830,11],[423,493,113,202],[1,10,0,1]];840
8467200.pb1;[0, 0, 0, -869400, -312016320];[[6,5,25,21],[5,8,728,661],[213,10,386,727],[1,0,10,1],[3,10,571,37],[831,10,830,11],[423,10,431,37],[423,493,113,202],[723,10,131,37],[1,10,0,1]];840
8467200.pg1;[0, 0, 0, -118335000, -495470360000];[[6,5,25,21],[5,8,728,661],[213,10,386,727],[1,0,10,1],[3,10,571,37],[831,10,830,11],[423,10,431,37],[423,493,113,202],[723,10,131,37],[1,10,0,1]];840
8467200.ph1;[0, 0, 0, -96600, -11556160];[[6,5,25,21],[5,8,728,661],[213,10,386,727],[1,0,10,1],[3,10,571,37],[831,10,830,11],[423,10,431,37],[423,493,113,202],[723,10,131,37],[1,10,0,1]];840
8467200.pi1;[0, 0, 0, -10650150, -13377699720];[[6,5,25,21],[5,8,728,661],[213,10,386,727],[1,0,10,1],[3,10,571,37],[831,10,830,11],[423,10,431,37],[423,493,113,202],[723,10,131,37],[1,10,0,1]];840
8467200.pj1;[0, 0, 0, -5433750, -4875255000];[[6,5,25,21],[5,8,728,661],[213,10,386,727],[1,0,10,1],[3,10,571,37],[831,10,830,11],[423,10,431,37],[423,493,113,202],[723,10,131,37],[1,10,0,1]];840
8467200.pk1;[0, 0, 0, -10650150, 13377699720];[[6,5,25,21],[5,8,728,661],[213,10,386,727],[1,0,10,1],[3,10,571,37],[831,10,830,11],[423,10,431,37],[423,493,113,202],[723,10,131,37],[1,10,0,1]];840
8467200.pl1;[0, 0, 0, -5433750, 4875255000];[[6,5,25,21],[5,8,728,661],[213,10,386,727],[1,0,10,1],[3,10,571,37],[831,10,830,11],[423,10,431,37],[423,493,113,202],[723,10,131,37],[1,10,0,1]];840
8467200.pm1;[0, 0, 0, -118335000, 495470360000];[[6,5,25,21],[5,8,728,661],[213,10,386,727],[1,0,10,1],[3,10,571,37],[831,10,830,11],[423,10,431,37],[423,493,113,202],[723,10,131,37],[1,10,0,1]];840
8467200.pn1;[0, 0, 0, -96600, 11556160];[[6,5,25,21],[5,8,728,661],[213,10,386,727],[1,0,10,1],[3,10,571,37],[831,10,830,11],[423,10,431,37],[423,493,113,202],[723,10,131,37],[1,10,0,1]];840
