338.b1;[1, 1, 0, -54421, 4945517];[[16,375,375,1306],[781,0,0,781],[481,480,1080,481],[1351,630,0,1351],[1,0,1500,1],[1511,855,1365,1556],[781,1248,300,781],[937,150,0,1],[781,150,795,691],[657,1367,250,783],[521,150,0,1],[1081,0,0,241],[1,0,30,1],[361,1410,750,181],[1,0,1080,1]];1560
338.b2;[1, 1, 0, 504, -13112];[[16,375,375,1306],[781,0,0,781],[481,480,1080,481],[1261,30,1290,1297],[1,0,1500,1],[1301,0,0,1301],[333,163,1550,687],[1,312,0,1],[781,150,795,691],[1256,1485,1035,1061],[521,150,0,1],[1111,930,420,631],[1081,0,0,241],[1,0,30,1],[361,1410,750,181],[1,0,1080,1]];1560
338.d1;[1, 1, 1, -322, 2127];[[16,375,375,1306],[781,0,0,781],[481,480,1080,481],[1351,630,0,1351],[1,0,1500,1],[1511,855,1365,1556],[781,1248,300,781],[937,150,0,1],[903,193,1310,777],[781,150,795,691],[521,150,0,1],[1081,0,0,241],[1,0,30,1],[361,1410,750,181],[1,0,1080,1]];1560
338.d2;[1, 1, 1, 3, -5];[[481,480,1080,481],[521,0,0,521],[1351,630,0,1351],[1227,1397,10,873],[391,150,1185,691],[1261,30,1290,1297],[1,1248,240,1],[1,0,1500,1],[736,1095,1425,151],[781,0,1500,781],[521,150,0,1],[1081,0,0,241],[1,0,30,1],[361,1410,750,181],[16,375,765,1306],[1,0,1080,1]];1560
1922.c1;[1, -1, 1, -76332, 8136267];[[1,0,28,1],[869,28,14,393],[745,28,0,1],[1303,28,882,393],[1,28,0,1],[1709,28,1708,29],[1,2,14,29],[15,14,1512,1527],[698,9,357,1627]];1736
1922.c2;[1, -1, 1, -72, -117];[[1,0,28,1],[402,13,385,355],[869,28,14,393],[1303,28,882,393],[1,28,0,1],[253,76,84,1277],[1709,28,1708,29],[1,2,14,29],[15,14,1512,1527]];1736
1922.e1;[1, -1, 1, -73354752, -241800700097];[[1,0,28,1],[1038,1727,1379,109],[869,28,14,393],[745,28,0,1],[1303,28,882,393],[1,28,0,1],[1709,28,1708,29],[1,2,14,29],[15,14,1512,1527]];1736
1922.e2;[1, -1, 1, -68892, 4028767];[[1,0,28,1],[869,28,14,393],[1303,28,882,393],[1334,1723,1351,1381],[1,28,0,1],[253,76,84,1277],[1709,28,1708,29],[1,2,14,29],[15,14,1512,1527]];1736
2704.j1;[0, 1, 0, -5152, -146444];[[781,0,0,781],[481,480,1080,481],[1261,75,165,616],[521,0,0,521],[1351,630,0,1351],[1,0,1500,1],[1169,1410,375,869],[651,701,125,6],[1,312,0,1],[937,150,0,1],[781,150,795,691],[1,0,1530,1],[1023,718,65,1137],[1081,0,0,241],[361,1410,750,181],[1,0,1080,1]];1560
2704.j2;[0, 1, 0, 48, 404];[[481,480,1080,481],[521,0,0,521],[1351,630,0,1351],[1227,1397,10,873],[1261,30,1290,1297],[1,1248,240,1],[1,0,1500,1],[1169,1410,375,869],[736,1095,1425,151],[781,0,1500,781],[521,150,0,1],[1081,0,0,241],[1,0,30,1],[361,1410,750,181],[16,375,765,1306],[1,0,1080,1]];1560
2704.k1;[0, 1, 0, -870744, -318254572];[[781,0,0,781],[481,480,1080,481],[1351,630,0,1351],[1,0,1500,1],[1511,855,1365,1556],[781,1248,300,781],[937,150,0,1],[781,150,795,691],[657,1367,250,783],[1544,1185,1185,254],[521,150,0,1],[1081,0,0,241],[1,0,30,1],[361,1410,750,181],[1,0,1080,1]];1560
2704.k2;[0, 1, 0, 8056, 855284];[[481,480,1080,481],[521,0,0,521],[1351,630,0,1351],[1261,30,1290,1297],[1,1248,240,1],[333,163,1550,687],[1,0,1500,1],[1169,1410,375,869],[736,1095,1425,151],[781,0,1500,781],[521,150,0,1],[1081,0,0,241],[1,0,30,1],[361,1410,750,181],[16,375,765,1306],[1,0,1080,1]];1560
3042.g1;[1, -1, 0, -2898, -60332];[[16,375,375,1306],[781,0,0,781],[481,480,1080,481],[1351,630,0,1351],[1,0,1500,1],[1511,855,1365,1556],[781,1248,300,781],[937,150,0,1],[903,193,1310,777],[781,150,795,691],[1039,1410,0,1559],[1081,0,0,241],[1,0,30,1],[361,1410,750,181],[1,0,1080,1]];1560
3042.g2;[1, -1, 0, 27, 157];[[481,480,1080,481],[521,0,0,521],[1351,630,0,1351],[1227,1397,10,873],[391,150,1185,691],[1261,30,1290,1297],[1,1248,240,1],[1,0,1500,1],[736,1095,1425,151],[781,0,1500,781],[1039,1410,0,1559],[1081,0,0,241],[1,0,30,1],[361,1410,750,181],[16,375,765,1306],[1,0,1080,1]];1560
3042.j1;[1, -1, 1, -489794, -134018751];[[781,0,0,781],[481,480,1080,481],[1261,75,165,616],[521,0,0,521],[1351,630,0,1351],[391,150,1185,691],[537,842,1495,423],[1,0,1500,1],[1,312,0,1],[937,150,0,1],[781,150,795,691],[909,859,1435,1554],[1,0,1530,1],[1081,0,0,241],[361,1410,750,181],[1,0,1080,1]];1560
3042.j2;[1, -1, 1, 4531, 358557];[[481,480,1080,481],[521,0,0,521],[1351,630,0,1351],[391,150,1185,691],[1261,30,1290,1297],[1,1248,240,1],[333,163,1550,687],[1,0,1500,1],[736,1095,1425,151],[781,0,1500,781],[1039,1410,0,1559],[1081,0,0,241],[1,0,30,1],[361,1410,750,181],[16,375,765,1306],[1,0,1080,1]];1560
3969.a1;[1, -1, 1, -31268, -2120282];[[225,28,224,29],[134,209,245,31],[1,2,14,29],[15,14,28,43],[127,28,0,1],[1,28,0,1],[136,251,133,229],[1,0,28,1]];252
3969.a2;[1, -1, 1, -83, 298];[[225,28,224,29],[40,251,217,241],[1,2,14,29],[15,14,28,43],[127,28,0,1],[1,28,0,1],[94,5,21,211],[1,0,28,1]];252
3969.c1;[1, -1, 1, -1532117, 730320868];[[225,28,224,29],[1,2,14,29],[15,14,28,43],[127,28,0,1],[1,28,0,1],[136,251,133,229],[1,0,28,1],[118,243,63,109]];252
3969.c2;[1, -1, 1, -4052, -94202];[[225,28,224,29],[1,2,14,29],[15,14,28,43],[127,28,0,1],[1,28,0,1],[158,251,175,237],[40,247,133,129],[1,0,28,1]];252
3969.d1;[1, -1, 0, -170235, -26992176];[[225,28,224,29],[1,2,14,29],[15,14,28,43],[127,28,0,1],[1,28,0,1],[116,1,119,23],[1,0,28,1],[118,43,7,221]];252
3969.d2;[1, -1, 0, -450, 3639];[[225,28,224,29],[1,2,14,29],[15,14,28,43],[127,28,0,1],[1,28,0,1],[158,251,175,237],[212,5,119,123],[1,0,28,1]];252
3969.f1;[1, -1, 0, -3474, 79687];[[225,28,224,29],[1,2,14,29],[15,14,28,43],[127,28,0,1],[134,9,189,143],[1,28,0,1],[116,1,119,23],[1,0,28,1]];252
3969.f2;[1, -1, 0, -9, -8];[[1,2,14,29],[1,28,0,1],[15,14,28,43],[1,0,28,1],[212,5,119,123],[127,28,0,1],[94,1,77,15],[225,28,224,29]];252
8450.h1;[1, 0, 1, -8051, 281998];[[16,375,375,1306],[781,0,0,781],[481,480,1080,481],[1351,630,0,1351],[1,0,1500,1],[1511,855,1365,1556],[781,1248,300,781],[903,193,1310,777],[781,150,795,691],[521,150,0,1],[623,1410,0,1559],[1081,0,0,241],[1,0,30,1],[361,1410,750,181],[1,0,1080,1]];1560
8450.h2;[1, 0, 1, 74, -752];[[16,375,375,1306],[781,0,0,781],[481,480,1080,481],[1227,1397,10,873],[1,0,1500,1],[1301,0,0,1301],[1,312,0,1],[781,150,795,691],[1256,1485,1035,1061],[521,150,0,1],[1111,930,420,631],[1081,0,0,241],[1,0,30,1],[299,1530,270,263],[361,1410,750,181],[1,0,1080,1]];1560
8450.u1;[1, 0, 0, -1360538, 620910692];[[781,0,0,781],[481,480,1080,481],[1261,75,165,616],[521,0,0,521],[1351,630,0,1351],[391,150,1185,691],[537,842,1495,423],[1,0,1500,1],[651,701,125,6],[1,312,0,1],[781,150,795,691],[1,0,1530,1],[623,1410,0,1559],[1081,0,0,241],[361,1410,750,181],[1,0,1080,1]];1560
8450.u2;[1, 0, 0, 12587, -1664183];[[481,480,1080,481],[521,0,0,521],[1351,630,0,1351],[391,150,1185,691],[1,1248,240,1],[333,163,1550,687],[1,0,1500,1],[736,1095,1425,151],[781,0,1500,781],[521,150,0,1],[1081,0,0,241],[1,0,30,1],[299,1530,270,263],[361,1410,750,181],[16,375,765,1306],[1,0,1080,1]];1560
10816.j1;[0, -1, 0, -3482977, -2542553599];[[781,0,0,781],[481,480,1080,481],[1351,630,0,1351],[779,1410,765,869],[1,0,1500,1],[1511,855,1365,1556],[781,1248,300,781],[937,150,0,1],[657,1367,250,783],[1544,1185,1185,254],[521,150,0,1],[1081,0,0,241],[1,0,30,1],[361,1410,750,181],[1,0,1080,1]];1560
10816.j2;[0, -1, 0, 32223, 6810049];[[481,480,1080,481],[521,0,0,521],[1351,630,0,1351],[1544,1185,795,254],[1261,30,1290,1297],[1,1248,240,1],[333,163,1550,687],[1,0,1500,1],[1169,1410,375,869],[736,1095,1425,151],[781,0,1500,781],[521,150,0,1],[1081,0,0,241],[1,0,30,1],[361,1410,750,181],[1,0,1080,1]];1560
10816.p1;[0, -1, 0, -20609, -1150943];[[781,0,0,781],[481,480,1080,481],[1351,630,0,1351],[779,1410,765,869],[1,0,1500,1],[1511,855,1365,1556],[781,1248,300,781],[937,150,0,1],[903,193,1310,777],[1544,1185,1185,254],[521,150,0,1],[1081,0,0,241],[1,0,30,1],[361,1410,750,181],[1,0,1080,1]];1560
10816.p2;[0, -1, 0, 191, 3041];[[481,480,1080,481],[521,0,0,521],[1351,630,0,1351],[1544,1185,795,254],[1227,1397,10,873],[1261,30,1290,1297],[1,1248,240,1],[1,0,1500,1],[1169,1410,375,869],[736,1095,1425,151],[781,0,1500,781],[521,150,0,1],[1081,0,0,241],[1,0,30,1],[361,1410,750,181],[1,0,1080,1]];1560
10816.ba1;[0, 1, 0, -3482977, 2542553599];[[16,375,375,1306],[781,0,0,781],[481,480,1080,481],[1351,630,0,1351],[779,1410,765,869],[1,0,1500,1],[1511,855,1365,1556],[781,1248,300,781],[937,150,0,1],[657,1367,250,783],[521,150,0,1],[1081,0,0,241],[1,0,30,1],[361,1410,750,181],[1,0,1080,1]];1560
10816.ba2;[0, 1, 0, 32223, -6810049];[[16,375,375,1306],[781,0,0,781],[481,480,1080,481],[779,1410,765,869],[1261,30,1290,1297],[1,0,1500,1],[1301,0,0,1301],[333,163,1550,687],[1,312,0,1],[1256,1485,1035,1061],[521,150,0,1],[1111,930,420,631],[1081,0,0,241],[1,0,30,1],[361,1410,750,181],[1,0,1080,1]];1560
10816.bf1;[0, 1, 0, -20609, 1150943];[[16,375,375,1306],[781,0,0,781],[481,480,1080,481],[1351,630,0,1351],[779,1410,765,869],[1,0,1500,1],[1511,855,1365,1556],[781,1248,300,781],[937,150,0,1],[903,193,1310,777],[521,150,0,1],[1081,0,0,241],[1,0,30,1],[361,1410,750,181],[1,0,1080,1]];1560
10816.bf2;[0, 1, 0, 191, -3041];[[481,480,1080,481],[521,0,0,521],[1351,630,0,1351],[1544,1185,795,254],[1227,1397,10,873],[391,150,1185,691],[1261,30,1290,1297],[1,0,1500,1],[1,1248,240,1],[736,1095,1425,151],[781,0,1500,781],[521,150,0,1],[1081,0,0,241],[1,0,30,1],[361,1410,750,181],[1,0,1080,1]];1560
14450.b1;[1, 0, 1, -190891, -36002922];[[103,34,119,579],[69,306,85,579],[137,0,0,273],[559,544,544,143],[1,136,0,1],[545,136,544,545],[81,442,17,531],[1,22,0,1],[1,0,170,1],[256,425,119,1],[1,170,0,1],[511,510,170,171]];680
14450.b2;[1, 0, 1, -3041, 64278];[[103,34,119,579],[69,306,85,579],[137,0,0,273],[1,136,0,1],[545,136,544,545],[1,20,0,1],[41,272,136,593],[89,34,17,115],[1,0,170,1],[256,425,119,1],[1,170,0,1],[511,510,170,171]];680
14450.o1;[1, 1, 0, -878710, 316677750];[[103,34,119,579],[69,306,85,579],[137,0,0,273],[639,408,544,87],[1,136,0,1],[545,136,544,545],[1,20,0,1],[89,34,17,115],[1,0,170,1],[256,425,119,1],[1,170,0,1],[511,510,170,171]];680
14450.o2;[1, 1, 0, -660, -7600];[[103,34,119,579],[69,306,85,579],[137,0,0,273],[1,136,0,1],[545,136,544,545],[81,442,17,531],[1,22,0,1],[1,0,170,1],[256,425,119,1],[1,170,0,1],[121,136,136,537],[511,510,170,171]];680
14450.w1;[1, 0, 0, -21967763, 39628654267];[[103,34,119,579],[1,136,0,1],[591,646,663,565],[511,510,170,171],[69,306,85,579],[137,0,0,273],[639,408,544,87],[1,170,0,1],[1,0,170,1],[256,425,119,1],[545,136,544,545],[1,20,0,1]];680
14450.w2;[1, 0, 0, -16513, -916983];[[103,34,119,579],[69,306,85,579],[137,0,0,273],[1,136,0,1],[545,136,544,545],[1,22,0,1],[1,0,170,1],[256,425,119,1],[1,170,0,1],[599,238,663,149],[121,136,136,537],[511,510,170,171]];680
14450.bh1;[1, 1, 1, -4772263, -4500365219];[[103,34,119,579],[69,306,85,579],[137,0,0,273],[559,544,544,143],[1,136,0,1],[545,136,544,545],[1,22,0,1],[1,0,170,1],[256,425,119,1],[1,170,0,1],[599,238,663,149],[511,510,170,171]];680
14450.bh2;[1, 1, 1, -76013, 8034781];[[103,34,119,579],[69,306,85,579],[137,0,0,273],[1,136,0,1],[545,136,544,545],[1,20,0,1],[41,272,136,593],[1,0,170,1],[256,425,119,1],[591,646,663,565],[1,170,0,1],[511,510,170,171]];680
15376.a1;[0, 0, 0, -1173676027, 15476418482218];[[1,0,28,1],[1038,1727,1379,109],[433,1708,854,1343],[869,28,14,393],[745,28,0,1],[1,28,0,1],[1709,28,1708,29],[1,2,14,29],[15,14,1512,1527]];1736
15376.a2;[0, 0, 0, -1102267, -256738838];[[1,0,28,1],[433,1708,854,1343],[869,28,14,393],[1334,1723,1351,1381],[1,28,0,1],[253,76,84,1277],[1709,28,1708,29],[1,2,14,29],[15,14,1512,1527]];1736
15376.y1;[0, 0, 0, -1221307, -519499798];[[1,0,28,1],[433,1708,854,1343],[869,28,14,393],[745,28,0,1],[1,28,0,1],[698,209,581,227],[1709,28,1708,29],[1,2,14,29],[15,14,1512,1527]];1736
15376.y2;[0, 0, 0, -1147, 8618];[[1,0,28,1],[402,13,385,355],[433,1708,854,1343],[869,28,14,393],[1,28,0,1],[253,76,84,1277],[1709,28,1708,29],[1,2,14,29],[15,14,1512,1527]];1736
16562.o1;[1, 0, 1, -2666655, -1704312270];[[1,0,4200,1],[10711,630,0,10711],[6721,6720,4200,6721],[9311,2415,1365,3116],[1,0,9360,1],[3119,0,0,10919],[1561,9360,1560,1561],[5461,0,0,5461],[1,0,4620,1],[5461,4830,7035,6931],[3641,4830,0,1],[5041,6090,2310,7981],[8737,4830,0,1],[1,0,3150,1],[4201,0,0,3361],[1576,6615,6615,5986],[657,4487,8050,783],[5461,4368,9660,5461]];10920
16562.o2;[1, 0, 1, 24670, 4571452];[[1261,3150,4410,2857],[4201,0,0,3361],[3641,0,0,3641],[3119,0,0,10919],[1,0,4620,1],[1,0,4200,1],[5461,0,4620,5461],[3641,4830,0,1],[1576,6615,3885,5986],[736,5775,7665,4831],[6721,6720,4200,6721],[10711,630,0,10711],[1,0,9360,1],[8133,3283,6230,3807],[8191,4830,4305,6931],[1,4368,3360,1],[1561,9360,1560,1561],[5041,6090,2310,7981],[1,0,3150,1]];10920
16562.br1;[1, 0, 0, -15779, -776959];[[1,0,4200,1],[10711,630,0,10711],[6721,6720,4200,6721],[9311,2415,1365,3116],[1,0,9360,1],[3119,0,0,10919],[1561,9360,1560,1561],[5461,0,0,5461],[1,0,4620,1],[5461,4830,7035,6931],[3641,4830,0,1],[5041,6090,2310,7981],[10263,6433,2870,10137],[8737,4830,0,1],[1,0,3150,1],[4201,0,0,3361],[1576,6615,6615,5986],[5461,4368,9660,5461]];10920
16562.br2;[1, 0, 0, 146, 2092];[[1261,3150,4410,2857],[4201,0,0,3361],[3641,0,0,3641],[3119,0,0,10919],[1,0,4620,1],[1,0,4200,1],[5461,0,4620,5461],[3641,4830,0,1],[1576,6615,3885,5986],[736,5775,7665,4831],[6721,6720,4200,6721],[10711,630,0,10711],[1,0,9360,1],[2787,7637,4690,7113],[8191,4830,4305,6931],[1,4368,3360,1],[1561,9360,1560,1561],[5041,6090,2310,7981],[1,0,3150,1]];10920
17298.a1;[1, -1, 0, -686985, -218992231];[[1735,0,0,5207],[2605,1764,3486,3865],[5181,28,5180,29],[1,2,14,29],[1,28,0,1],[2434,9,357,1627],[15,14,4984,4999],[1,0,28,1],[745,1764,0,1],[1303,1764,882,3865]];5208
17298.a2;[1, -1, 0, -645, 3797];[[1,0,28,1],[3874,1749,2121,355],[15,14,4984,4999],[5181,28,5180,29],[253,1812,84,3013],[1735,0,0,5207],[1303,1764,882,3865],[1,2,14,29],[1,28,0,1],[2605,1764,3486,3865]];5208
17298.b1;[1, -1, 0, -660192765, 6529279095377];[[1,0,28,1],[15,14,4984,4999],[1303,1764,882,3865],[1,28,0,1],[5181,28,5180,29],[1735,0,0,5207],[745,1764,0,1],[2605,1764,3486,3865],[1,2,14,29],[2774,1527,1155,3245]];5208
17298.b2;[1, -1, 0, -620025, -108156691];[[1,0,28,1],[15,14,4984,4999],[5181,28,5180,29],[253,1812,84,3013],[1334,3459,3087,4853],[1735,0,0,5207],[1303,1764,882,3865],[1,2,14,29],[1,28,0,1],[2605,1764,3486,3865]];5208
24336.f1;[0, 0, 0, -7836699, 8585036746];[[781,0,0,781],[481,480,1080,481],[1351,630,0,1351],[1,0,1500,1],[1511,855,1365,1556],[781,1248,300,781],[937,150,0,1],[781,150,795,691],[657,1367,250,783],[1544,1185,1185,254],[1039,1410,0,1559],[1081,0,0,241],[1,0,30,1],[361,1410,750,181],[1,0,1080,1]];1560
24336.f2;[0, 0, 0, 72501, -23020166];[[481,480,1080,481],[521,0,0,521],[1351,630,0,1351],[1261,30,1290,1297],[1,1248,240,1],[333,163,1550,687],[1,0,1500,1],[1169,1410,375,869],[736,1095,1425,151],[781,0,1500,781],[1039,1410,0,1559],[1081,0,0,241],[1,0,30,1],[361,1410,750,181],[16,375,765,1306],[1,0,1080,1]];1560
24336.cd1;[0, 0, 0, -46371, 3907618];[[781,0,0,781],[481,480,1080,481],[1351,630,0,1351],[1,0,1500,1],[1511,855,1365,1556],[781,1248,300,781],[937,150,0,1],[903,193,1310,777],[781,150,795,691],[1544,1185,1185,254],[1039,1410,0,1559],[1081,0,0,241],[1,0,30,1],[361,1410,750,181],[1,0,1080,1]];1560
24336.cd2;[0, 0, 0, 429, -10478];[[481,480,1080,481],[521,0,0,521],[1351,630,0,1351],[1227,1397,10,873],[1261,30,1290,1297],[1,1248,240,1],[1,0,1500,1],[1169,1410,375,869],[736,1095,1425,151],[781,0,1500,781],[1039,1410,0,1559],[1081,0,0,241],[1,0,30,1],[361,1410,750,181],[16,375,765,1306],[1,0,1080,1]];1560
27378.d1;[1, -1, 0, -8280, -287936];[[1,0,28,1],[26,9,189,6443],[2935,7,5285,6388],[5617,28,0,1],[1,28,0,1],[3277,28,14,393],[15,14,6328,6343],[6525,28,6524,29],[1,2,14,29],[1639,28,3290,393]];6552
27378.d2;[1, -1, 0, -90, 352];[[1,0,28,1],[1639,28,0,1],[1,28,0,1],[3277,28,14,393],[3644,1,5915,23],[1529,15,4165,5780],[15,14,6328,6343],[6525,28,6524,29],[1,2,14,29],[1877,16,84,269]];6552
27378.e1;[1, -1, 0, -12594165, 17206016309];[[1,0,28,1],[3617,6545,1267,164],[5617,28,0,1],[1,28,0,1],[3277,28,14,393],[15,14,6328,6343],[6526,6543,6363,109],[1,2,14,29],[6525,28,6524,29],[1639,28,3290,393]];6552
27378.e2;[1, -1, 0, -137175, -19509463];[[1,0,28,1],[1639,28,0,1],[2908,6551,637,6529],[1,28,0,1],[3277,28,14,393],[15,14,6328,6343],[5023,6533,5467,4776],[6525,28,6524,29],[1877,76,84,1277],[1,2,14,29]];6552
27378.r1;[1, -1, 1, -74522, 7848793];[[1,0,28,1],[26,9,189,6443],[3617,6545,1267,164],[5617,28,0,1],[1,28,0,1],[3277,28,14,393],[15,14,6328,6343],[1,2,14,29],[6525,28,6524,29],[1639,28,3290,393]];6552
27378.r2;[1, -1, 1, -812, -8693];[[1,0,28,1],[1639,28,0,1],[2908,6551,637,6529],[1,28,0,1],[3277,28,14,393],[15,14,6328,6343],[6525,28,6524,29],[1877,76,84,1277],[1,2,14,29],[1529,19,1085,1776]];6552
27378.s1;[1, -1, 1, -1399352, -636793413];[[1,0,28,1],[2935,7,5285,6388],[5617,28,0,1],[1,28,0,1],[3277,28,14,393],[15,14,6328,6343],[6526,6543,6363,109],[1,2,14,29],[6525,28,6524,29],[1639,28,3290,393]];6552
27378.s2;[1, -1, 1, -15242, 727653];[[1,0,28,1],[1639,28,0,1],[1,28,0,1],[3277,28,14,393],[3644,1,5915,23],[15,14,6328,6343],[5023,6533,5467,4776],[6525,28,6524,29],[1877,76,84,1277],[1,2,14,29]];6552
40898.i1;[1, 1, 0, -38964, -3026096];[[1,0,2640,1],[2641,0,0,15841],[5941,15675,165,8416],[9359,0,0,17159],[1,0,7800,1],[11441,0,0,11441],[14521,14520,2640,14521],[6601,2970,2310,3301],[8581,14190,11715,6931],[1,0,4620,1],[8823,11638,7865,12057],[7591,11550,0,7591],[1,0,10890,1],[12871,14190,7425,6931],[10297,14190,0,1],[9361,7800,9360,9361],[8581,0,0,8581],[10011,6941,3245,12486],[1,3432,0,1]];17160
40898.i2;[1, 1, 0, 361, 8221];[[1,0,6270,1],[7591,11550,0,7591],[9359,0,0,17159],[1,0,7800,1],[6601,2970,2310,3301],[1,13728,15840,1],[1,0,2640,1],[3136,9735,5445,15346],[9361,7800,9360,9361],[8581,0,4620,8581],[12871,14190,7425,6931],[5941,6270,12210,16897],[11441,14190,0,1],[11441,0,0,11441],[1,0,4620,1],[16336,5775,6105,14191],[14521,14520,2640,14521],[2641,0,0,15841],[13707,1397,7810,11793]];17160
40898.bm1;[1, 1, 1, -6585004, -6615408051];[[1,0,2640,1],[2641,0,0,15841],[16257,12287,6490,11703],[9359,0,0,17159],[1,0,7800,1],[14521,14520,2640,14521],[6601,2970,2310,3301],[8581,14190,11715,6931],[1,0,4620,1],[1,0,6270,1],[8581,13728,11220,8581],[7591,11550,0,7591],[10297,14190,0,1],[9361,7800,9360,9361],[3136,9735,9735,15346],[11441,14190,0,1],[8581,0,0,8581],[12431,7095,10725,4676]];17160
40898.bm2;[1, 1, 1, 60921, 17756773];[[1,0,2640,1],[2641,0,0,15841],[3453,15763,9350,5367],[9359,0,0,17159],[1,0,7800,1],[11441,0,0,11441],[14521,14520,2640,14521],[6601,2970,2310,3301],[16336,5775,6105,14191],[3136,9735,5445,15346],[1,0,4620,1],[1,0,6270,1],[5941,6270,12210,16897],[7591,11550,0,7591],[12871,14190,7425,6931],[9361,7800,9360,9361],[1,13728,15840,1],[8581,0,4620,8581],[11441,14190,0,1]];17160
48050.a1;[1, -1, 0, -1833868792, -30226921380884];[[1,0,28,1],[2481,3500,0,1],[4341,3500,1750,5601],[2774,6935,3115,109],[6943,0,0,8679],[1,28,0,1],[6511,3500,6090,5601],[1,2,14,29],[8653,28,8652,29],[15,14,8456,8471]];8680
48050.a2;[1, -1, 0, -1722292, 501873616];[[1,0,28,1],[4341,3500,1750,5601],[1334,5195,8295,6589],[5461,7020,1820,8221],[6943,0,0,8679],[1,28,0,1],[6511,3500,6090,5601],[1,2,14,29],[8653,28,8652,29],[15,14,8456,8471]];8680
48050.n1;[1, -1, 0, -1908292, 1015125116];[[1,0,28,1],[2481,3500,0,1],[4341,3500,1750,5601],[5906,1945,7525,7171],[6943,0,0,8679],[1,28,0,1],[6511,3500,6090,5601],[1,2,14,29],[8653,28,8652,29],[15,14,8456,8471]];8680
48050.n2;[1, -1, 0, -1792, -16384];[[1,0,28,1],[4341,3500,1750,5601],[5461,7020,1820,8221],[6943,0,0,8679],[1,28,0,1],[6511,3500,6090,5601],[1,2,14,29],[7346,3485,385,2091],[8653,28,8652,29],[15,14,8456,8471]];8680
58482.e1;[1, -1, 0, -632625, 193522589];[[1,0,28,1],[257,7,1085,108],[15,14,4564,4579],[2395,28,14,393],[4105,28,0,1],[506,4779,315,109],[1,28,0,1],[4761,28,4760,29],[1,2,14,29]];4788
58482.e2;[1, -1, 0, -32415, -2238211];[[1,0,28,1],[15,14,4564,4579],[2395,28,14,393],[4246,4775,2919,4433],[1373,76,84,1277],[2789,19,4109,1776],[1,28,0,1],[4761,28,4760,29],[1,2,14,29]];4788
58482.j1;[1, -1, 0, -25375299, 49128071381];[[1,0,28,1],[15,14,4564,4579],[2395,28,14,393],[4105,28,0,1],[1,28,0,1],[4761,28,4760,29],[4282,209,1561,3811],[1,2,14,29],[4531,4781,3703,4680]];4788
58482.j2;[1, -1, 0, -1300209, -570322099];[[1,0,28,1],[15,14,4564,4579],[2395,28,14,393],[1999,4769,679,3012],[1373,76,84,1277],[1,28,0,1],[4761,28,4760,29],[1,2,14,29],[542,13,1869,355]];4788
58482.u1;[1, -1, 1, -228377693, -1326229549595];[[1,0,28,1],[15,14,4564,4579],[2395,28,14,393],[4105,28,0,1],[506,4779,315,109],[1,28,0,1],[4761,28,4760,29],[1,2,14,29],[4531,4781,3703,4680]];4788
58482.u2;[1, -1, 1, -11701883, 15410398555];[[1,0,28,1],[15,14,4564,4579],[2395,28,14,393],[4246,4775,2919,4433],[1999,4769,679,3012],[1373,76,84,1277],[1,28,0,1],[4761,28,4760,29],[1,2,14,29]];4788
58482.y1;[1, -1, 1, -70292, -7144073];[[1,0,28,1],[257,7,1085,108],[15,14,4564,4579],[2395,28,14,393],[4105,28,0,1],[1,28,0,1],[4761,28,4760,29],[4282,209,1561,3811],[1,2,14,29]];4788
58482.y2;[1, -1, 1, -3602, 84097];[[1,0,28,1],[15,14,4564,4579],[2395,28,14,393],[1373,76,84,1277],[2789,19,4109,1776],[1,28,0,1],[4761,28,4760,29],[1,2,14,29],[542,13,1869,355]];4788
61504.c1;[0, 0, 0, -4694704108, -123811347857744];[[1,0,28,1],[1038,1727,1379,109],[745,28,0,1],[1303,28,882,393],[1,28,0,1],[1709,28,1708,29],[1,2,14,29],[867,1708,1722,1343],[15,14,1512,1527]];1736
61504.c2;[0, 0, 0, -4409068, 2053910704];[[1,0,28,1],[1303,28,882,393],[1334,1723,1351,1381],[1,28,0,1],[253,76,84,1277],[1709,28,1708,29],[1,2,14,29],[867,1708,1722,1343],[15,14,1512,1527]];1736
61504.d1;[0, 0, 0, -4885228, -4155998384];[[1,0,28,1],[433,1708,854,1343],[745,28,0,1],[1,28,0,1],[698,209,581,227],[1709,28,1708,29],[867,1708,1722,1343],[1,2,14,29],[15,14,1512,1527]];1736
61504.d2;[0, 0, 0, -4588, 68944];[[1,0,28,1],[402,13,385,355],[433,1708,854,1343],[1,28,0,1],[253,76,84,1277],[1709,28,1708,29],[867,1708,1722,1343],[1,2,14,29],[15,14,1512,1527]];1736
61504.cf1;[0, 0, 0, -4885228, 4155998384];[[1,0,28,1],[745,28,0,1],[1303,28,882,393],[1,28,0,1],[1709,28,1708,29],[867,1708,1722,1343],[1,2,14,29],[15,14,1512,1527],[698,9,357,1627]];1736
61504.cf2;[0, 0, 0, -4588, -68944];[[1,0,28,1],[402,13,385,355],[1303,28,882,393],[1,28,0,1],[253,76,84,1277],[1709,28,1708,29],[867,1708,1722,1343],[1,2,14,29],[15,14,1512,1527]];1736
61504.cg1;[0, 0, 0, -4694704108, 123811347857744];[[1,0,28,1],[433,1708,854,1343],[745,28,0,1],[1,28,0,1],[1709,28,1708,29],[867,1708,1722,1343],[1,2,14,29],[15,14,1512,1527],[1038,1527,1155,1509]];1736
61504.cg2;[0, 0, 0, -4409068, -2053910704];[[1,0,28,1],[433,1708,854,1343],[1334,1723,1351,1381],[1,28,0,1],[253,16,84,269],[1709,28,1708,29],[867,1708,1722,1343],[1,2,14,29],[15,14,1512,1527]];1736
63504.v1;[0, 0, 0, -2723763, 1730223026];[[225,28,224,29],[1,2,14,29],[15,14,28,43],[125,224,0,251],[1,28,0,1],[116,1,119,23],[1,0,28,1],[118,243,63,109]];252
63504.v2;[0, 0, 0, -7203, -225694];[[225,28,224,29],[1,2,14,29],[15,14,28,43],[125,224,0,251],[1,28,0,1],[158,251,175,237],[212,5,119,123],[1,0,28,1]];252
63504.bh1;[0, 0, 0, -500283, 136198314];[[225,28,224,29],[1,2,14,29],[15,14,28,43],[125,224,0,251],[134,9,189,143],[1,28,0,1],[136,251,133,229],[1,0,28,1]];252
63504.bh2;[0, 0, 0, -1323, -17766];[[225,28,224,29],[40,251,217,241],[1,2,14,29],[15,14,28,43],[125,224,0,251],[1,28,0,1],[94,5,21,211],[1,0,28,1]];252
63504.bq1;[0, 0, 0, -55587, -5044382];[[225,28,224,29],[1,2,14,29],[15,14,28,43],[125,224,0,251],[134,9,189,143],[1,28,0,1],[116,1,119,23],[1,0,28,1]];252
63504.bq2;[0, 0, 0, -147, 658];[[125,224,0,251],[1,2,14,29],[1,28,0,1],[15,14,28,43],[1,0,28,1],[212,5,119,123],[225,28,224,29],[94,1,77,15]];252
63504.cc1;[0, 0, 0, -24513867, -46716021702];[[225,28,224,29],[1,2,14,29],[15,14,28,43],[125,224,0,251],[1,28,0,1],[136,251,133,229],[1,0,28,1],[118,243,63,109]];252
63504.cc2;[0, 0, 0, -64827, 6093738];[[225,28,224,29],[1,2,14,29],[15,14,28,43],[125,224,0,251],[1,28,0,1],[158,251,175,237],[40,247,133,129],[1,0,28,1]];252
67600.bc1;[0, -1, 0, -128808, -18047888];[[781,0,0,781],[481,480,1080,481],[1351,630,0,1351],[1,0,1500,1],[1511,855,1365,1556],[781,1248,300,781],[903,193,1310,777],[781,150,795,691],[1544,1185,1185,254],[521,150,0,1],[623,1410,0,1559],[1081,0,0,241],[1,0,30,1],[361,1410,750,181],[1,0,1080,1]];1560
67600.bc2;[0, -1, 0, 1192, 48112];[[481,480,1080,481],[521,0,0,521],[1351,630,0,1351],[1227,1397,10,873],[1,1248,240,1],[1,0,1500,1],[1169,1410,375,869],[736,1095,1425,151],[781,0,1500,781],[521,150,0,1],[1081,0,0,241],[1,0,30,1],[299,1530,270,263],[361,1410,750,181],[16,375,765,1306],[1,0,1080,1]];1560
67600.bl1;[0, -1, 0, -21768608, -39738284288];[[781,0,0,781],[481,480,1080,481],[1261,75,165,616],[521,0,0,521],[1351,630,0,1351],[537,842,1495,423],[1,0,1500,1],[1169,1410,375,869],[651,701,125,6],[1,312,0,1],[781,150,795,691],[1,0,1530,1],[623,1410,0,1559],[1081,0,0,241],[361,1410,750,181],[1,0,1080,1]];1560
67600.bl2;[0, -1, 0, 201392, 106507712];[[781,0,0,781],[481,480,1080,481],[1,0,1500,1],[1301,0,0,1301],[333,163,1550,687],[1,312,0,1],[781,150,795,691],[1256,1485,1035,1061],[1544,1185,1185,254],[521,150,0,1],[1111,930,420,631],[1081,0,0,241],[1,0,30,1],[299,1530,270,263],[361,1410,750,181],[1,0,1080,1]];1560
76050.q1;[1, -1, 0, -12244842, -16764588684];[[16,375,375,1306],[781,0,0,781],[481,480,1080,481],[1351,630,0,1351],[1,0,1500,1],[1511,855,1365,1556],[781,1248,300,781],[781,150,795,691],[657,1367,250,783],[623,1410,0,1559],[1039,1410,0,1559],[1081,0,0,241],[1,0,30,1],[361,1410,750,181],[1,0,1080,1]];1560
76050.q2;[1, -1, 0, 113283, 44932941];[[481,480,1080,481],[521,0,0,521],[1351,630,0,1351],[391,150,1185,691],[1,1248,240,1],[333,163,1550,687],[1,0,1500,1],[736,1095,1425,151],[781,0,1500,781],[1039,1410,0,1559],[1081,0,0,241],[1,0,30,1],[299,1530,270,263],[361,1410,750,181],[16,375,765,1306],[1,0,1080,1]];1560
76050.ft1;[1, -1, 1, -72455, -7613953];[[16,375,375,1306],[781,0,0,781],[481,480,1080,481],[1351,630,0,1351],[1,0,1500,1],[1511,855,1365,1556],[781,1248,300,781],[903,193,1310,777],[781,150,795,691],[1039,1410,0,1559],[623,1410,0,1559],[1081,0,0,241],[1,0,30,1],[361,1410,750,181],[1,0,1080,1]];1560
76050.ft2;[1, -1, 1, 670, 20297];[[16,375,375,1306],[781,0,0,781],[481,480,1080,481],[1227,1397,10,873],[1,0,1500,1],[1301,0,0,1301],[1,312,0,1],[781,150,795,691],[1256,1485,1035,1061],[1039,1410,0,1559],[1111,930,420,631],[1081,0,0,241],[1,0,30,1],[299,1530,270,263],[361,1410,750,181],[1,0,1080,1]];1560
94178.k1;[1, -1, 1, -3594382833, 82944828898845];[[1,0,28,1],[869,28,14,393],[1303,28,882,393],[1,28,0,1],[991,1708,0,1735],[1709,28,1708,29],[1,2,14,29],[15,14,1512,1527],[1038,1527,1155,1509]];1736
94178.k2;[1, -1, 1, -3375693, -1375115787];[[1,0,28,1],[1483,1720,1652,1467],[869,28,14,393],[1303,28,882,393],[1334,1723,1351,1381],[1,28,0,1],[1709,28,1708,29],[1,2,14,29],[15,14,1512,1527]];1736
94178.bf1;[1, -1, 1, -3740253, -2783259167];[[1,0,28,1],[869,28,14,393],[1303,28,882,393],[1,28,0,1],[991,1708,0,1735],[1709,28,1708,29],[1,2,14,29],[15,14,1512,1527],[698,9,357,1627]];1736
94178.bf2;[1, -1, 1, -3513, 47065];[[1,0,28,1],[402,13,385,355],[1483,1720,1652,1467],[869,28,14,393],[1303,28,882,393],[1,28,0,1],[1709,28,1708,29],[1,2,14,29],[15,14,1512,1527]];1736
97344.m1;[0, 0, 0, -185484, -31260944];[[16,375,375,1306],[781,0,0,781],[481,480,1080,481],[1351,630,0,1351],[779,1410,765,869],[1,0,1500,1],[1511,855,1365,1556],[781,1248,300,781],[937,150,0,1],[903,193,1310,777],[1039,1410,0,1559],[1081,0,0,241],[1,0,30,1],[361,1410,750,181],[1,0,1080,1]];1560
97344.m2;[0, 0, 0, 1716, 83824];[[481,480,1080,481],[521,0,0,521],[1351,630,0,1351],[1544,1185,795,254],[1227,1397,10,873],[391,150,1185,691],[1261,30,1290,1297],[1,0,1500,1],[1,1248,240,1],[736,1095,1425,151],[781,0,1500,781],[1039,1410,0,1559],[1081,0,0,241],[1,0,30,1],[361,1410,750,181],[1,0,1080,1]];1560
97344.v1;[0, 0, 0, -185484, 31260944];[[781,0,0,781],[481,480,1080,481],[1351,630,0,1351],[779,1410,765,869],[1,0,1500,1],[1511,855,1365,1556],[781,1248,300,781],[937,150,0,1],[903,193,1310,777],[1544,1185,1185,254],[1039,1410,0,1559],[1081,0,0,241],[1,0,30,1],[361,1410,750,181],[1,0,1080,1]];1560
97344.v2;[0, 0, 0, 1716, -83824];[[481,480,1080,481],[521,0,0,521],[1351,630,0,1351],[1544,1185,795,254],[1227,1397,10,873],[1261,30,1290,1297],[1,1248,240,1],[1,0,1500,1],[1169,1410,375,869],[736,1095,1425,151],[781,0,1500,781],[1039,1410,0,1559],[1081,0,0,241],[1,0,30,1],[361,1410,750,181],[1,0,1080,1]];1560
97344.ft1;[0, 0, 0, -31346796, 68680293968];[[781,0,0,781],[481,480,1080,481],[1351,630,0,1351],[779,1410,765,869],[1,0,1500,1],[1511,855,1365,1556],[781,1248,300,781],[937,150,0,1],[657,1367,250,783],[1544,1185,1185,254],[1039,1410,0,1559],[1081,0,0,241],[1,0,30,1],[361,1410,750,181],[1,0,1080,1]];1560
97344.ft2;[0, 0, 0, 290004, -184161328];[[781,0,0,781],[481,480,1080,481],[779,1410,765,869],[1261,30,1290,1297],[1,0,1500,1],[1301,0,0,1301],[333,163,1550,687],[1,312,0,1],[1256,1485,1035,1061],[1544,1185,1185,254],[1039,1410,0,1559],[1111,930,420,631],[1081,0,0,241],[1,0,30,1],[361,1410,750,181],[1,0,1080,1]];1560
97344.ge1;[0, 0, 0, -31346796, -68680293968];[[781,0,0,781],[481,480,1080,481],[1261,75,165,616],[521,0,0,521],[1351,630,0,1351],[779,1410,765,869],[391,150,1185,691],[537,842,1495,423],[1,0,1500,1],[1,312,0,1],[937,150,0,1],[909,859,1435,1554],[1,0,1530,1],[1081,0,0,241],[361,1410,750,181],[1,0,1080,1]];1560
97344.ge2;[0, 0, 0, 290004, 184161328];[[16,375,375,1306],[781,0,0,781],[481,480,1080,481],[779,1410,765,869],[1261,30,1290,1297],[1,0,1500,1],[1301,0,0,1301],[333,163,1550,687],[1,312,0,1],[1256,1485,1035,1061],[1039,1410,0,1559],[1111,930,420,631],[1081,0,0,241],[1,0,30,1],[361,1410,750,181],[1,0,1080,1]];1560
97682.f1;[1, 0, 1, -15727820, 24407419402];[[20281,6240,20280,20281],[1,0,6240,1],[20231,22695,23205,4676],[21217,18870,0,1],[10711,20910,0,10711],[5337,10727,4930,14823],[24481,0,0,14281],[8161,7650,14790,17341],[13261,0,0,13261],[13261,10608,11220,13261],[13261,18870,25755,17851],[1,0,24480,1],[1,0,3060,1],[1,0,24990,1],[2041,2040,24480,2041],[14039,0,0,26519],[12496,20655,20655,26266],[17681,18870,0,1]];26520
97682.f2;[1, 0, 1, 145505, -65438150];[[20281,6240,20280,20281],[1,0,6240,1],[12496,20655,765,26266],[2296,10455,20145,18871],[15301,24990,13770,2857],[10711,20910,0,10711],[24481,0,0,14281],[8161,7650,14790,17341],[11253,17323,9350,3807],[17681,0,0,17681],[1,0,24480,1],[1,10608,14280,1],[1,0,3060,1],[6631,18870,5865,17851],[1,0,24990,1],[13261,0,3060,13261],[14039,0,0,26519],[2041,2040,24480,2041],[17681,18870,0,1]];26520
97682.p1;[1, 0, 0, -93064, 11102272];[[20281,6240,20280,20281],[1,0,6240,1],[20231,22695,23205,4676],[21217,18870,0,1],[10711,20910,0,10711],[24481,0,0,14281],[8161,7650,14790,17341],[13261,0,0,13261],[13261,10608,11220,13261],[13261,18870,25755,17851],[1,0,24480,1],[1,0,3060,1],[1,0,24990,1],[21183,15793,21590,11697],[2041,2040,24480,2041],[14039,0,0,26519],[12496,20655,20655,26266],[17681,18870,0,1]];26520
97682.p2;[1, 0, 0, 861, -29719];[[14039,0,0,26519],[2041,2040,24480,2041],[12496,20655,20655,26266],[1,0,6240,1],[1,0,24480,1],[1,0,24990,1],[17681,18870,0,1],[20281,6240,20280,20281],[24481,0,0,14281],[4421,0,0,4421],[15301,24990,13770,2857],[19976,17085,13515,16661],[1,0,3060,1],[1,15912,0,1],[8161,7650,14790,17341],[22951,5610,5100,20911],[15267,9197,17170,22713],[13261,18870,25755,17851],[13261,0,0,13261]];26520
99225.p1;[1, -1, 1, -86855, 9874022];[[1,0,28,1],[116,505,875,1031],[1233,28,1232,29],[1,28,0,1],[631,280,0,1],[386,765,945,1151],[503,0,0,1259],[1,2,14,29],[15,14,1036,1051]];1260
99225.p2;[1, -1, 1, -230, -1228];[[1,0,28,1],[716,5,875,1131],[1,28,0,1],[1233,28,1232,29],[631,280,0,1],[503,0,0,1259],[346,505,1085,771],[1,2,14,29],[15,14,1036,1051]];1260
99225.q1;[1, -1, 1, -4255880, -3378277878];[[1,0,28,1],[631,280,0,1],[1233,28,1232,29],[874,495,315,109],[116,505,875,1031],[15,14,1036,1051],[503,0,0,1259],[1,2,14,29],[1,28,0,1]];1260
99225.q2;[1, -1, 1, -11255, 443622];[[1,0,28,1],[716,5,875,1131],[1,28,0,1],[1233,28,1232,29],[631,280,0,1],[914,755,175,489],[503,0,0,1259],[1,2,14,29],[15,14,1036,1051]];1260
99225.bb1;[1, -1, 0, -781692, -265816909];[[1,0,28,1],[1233,28,1232,29],[1,28,0,1],[1144,755,385,229],[631,280,0,1],[386,765,945,1151],[503,0,0,1259],[1,2,14,29],[15,14,1036,1051]];1260
99225.bb2;[1, -1, 0, -2067, 35216];[[631,280,0,1],[1,0,28,1],[1233,28,1232,29],[544,1255,385,129],[15,14,1036,1051],[346,505,1085,771],[503,0,0,1259],[1,2,14,29],[1,28,0,1]];1260
99225.bc1;[1, -1, 0, -38302917, 91251805616];[[1,0,28,1],[631,280,0,1],[1233,28,1232,29],[874,495,315,109],[15,14,1036,1051],[503,0,0,1259],[1144,755,385,229],[1,2,14,29],[1,28,0,1]];1260
99225.bc2;[1, -1, 0, -101292, -11876509];[[631,280,0,1],[1,0,28,1],[1233,28,1232,29],[544,1255,385,129],[15,14,1036,1051],[914,755,175,489],[503,0,0,1259],[1,2,14,29],[1,28,0,1]];1260
115600.r1;[0, 1, 0, -76356208, 287870661588];[[69,306,85,579],[137,0,0,273],[559,544,544,143],[1,136,0,1],[545,136,544,545],[1,22,0,1],[1,0,170,1],[256,425,119,1],[1,170,0,1],[577,646,561,101],[599,238,663,149],[511,510,170,171]];680
115600.r2;[0, 1, 0, -1216208, -516658412];[[69,306,85,579],[137,0,0,273],[1,136,0,1],[545,136,544,545],[1,20,0,1],[41,272,136,593],[1,0,170,1],[256,425,119,1],[591,646,663,565],[1,170,0,1],[577,646,561,101],[511,510,170,171]];680
115600.s1;[0, 1, 0, -14059368, -20295494732];[[69,306,85,579],[137,0,0,273],[639,408,544,87],[1,136,0,1],[545,136,544,545],[1,20,0,1],[89,34,17,115],[1,0,170,1],[256,425,119,1],[1,170,0,1],[577,646,561,101],[511,510,170,171]];680
115600.s2;[0, 1, 0, -10568, 465268];[[69,306,85,579],[137,0,0,273],[1,136,0,1],[545,136,544,545],[81,442,17,531],[1,22,0,1],[1,0,170,1],[256,425,119,1],[1,170,0,1],[577,646,561,101],[121,136,136,537],[511,510,170,171]];680
115600.co1;[0, -1, 0, -3054248, 2304186992];[[69,306,85,579],[137,0,0,273],[559,544,544,143],[1,136,0,1],[545,136,544,545],[81,442,17,531],[1,22,0,1],[1,0,170,1],[256,425,119,1],[1,170,0,1],[577,646,561,101],[511,510,170,171]];680
115600.co2;[0, -1, 0, -48648, -4113808];[[69,306,85,579],[137,0,0,273],[1,136,0,1],[545,136,544,545],[1,20,0,1],[41,272,136,593],[89,34,17,115],[1,0,170,1],[256,425,119,1],[1,170,0,1],[577,646,561,101],[511,510,170,171]];680
115600.cp1;[0, -1, 0, -351484208, -2536233873088];[[1,136,0,1],[591,646,663,565],[511,510,170,171],[69,306,85,579],[577,646,561,101],[137,0,0,273],[639,408,544,87],[1,170,0,1],[1,0,170,1],[256,425,119,1],[545,136,544,545],[1,20,0,1]];680
115600.cp2;[0, -1, 0, -264208, 58686912];[[69,306,85,579],[137,0,0,273],[1,136,0,1],[545,136,544,545],[1,22,0,1],[1,0,170,1],[256,425,119,1],[1,170,0,1],[577,646,561,101],[599,238,663,149],[121,136,136,537],[511,510,170,171]];680
122018.p1;[1, 0, 1, -116250, -15520308];[[3136,19095,19095,5986],[1,0,17100,1],[9881,1710,0,1],[11857,1710,0,1],[14821,5928,3420,14821],[14041,15600,14040,14041],[9311,855,18525,18716],[18241,0,0,20521],[11401,11400,18240,11401],[1,0,6270,1],[14039,0,0,29639],[14821,0,0,14821],[1,0,18240,1],[15961,27930,8550,7981],[15391,13110,0,15391],[14821,1710,17955,25651],[1,0,15600,1],[8703,12673,16910,17937]];29640
122018.p2;[1, 0, 1, 1075, 41680];[[15391,13110,0,15391],[23067,23237,21850,2433],[1,5928,20520,1],[26221,6270,2850,27817],[22231,1710,10545,25651],[1,0,6270,1],[14041,15600,14040,14041],[1,0,17100,1],[9881,0,0,9881],[1,0,18240,1],[11401,11400,18240,11401],[15961,27930,8550,7981],[18241,0,0,20521],[1,0,15600,1],[3136,19095,11685,5986],[14039,0,0,29639],[5416,21375,1425,1711],[14821,0,17100,14821],[9881,1710,0,1]];29640
122018.bf1;[1, 0, 0, -19646169, -34078469959];[[3136,19095,19095,5986],[1,0,17100,1],[9881,1710,0,1],[11857,1710,0,1],[14821,5928,3420,14821],[14041,15600,14040,14041],[20937,16967,12730,11703],[9311,855,18525,18716],[18241,0,0,20521],[11401,11400,18240,11401],[1,0,6270,1],[14039,0,0,29639],[14821,0,0,14821],[1,0,18240,1],[15961,27930,8550,7981],[15391,13110,0,15391],[14821,1710,17955,25651],[1,0,15600,1]];29640
122018.bf2;[1, 0, 0, 181756, 91389752];[[6573,6403,7790,27207],[9881,1710,0,1],[1,0,17100,1],[22231,1710,10545,25651],[5416,21375,1425,1711],[14821,0,17100,14821],[14041,15600,14040,14041],[9881,0,0,9881],[1,5928,20520,1],[18241,0,0,20521],[11401,11400,18240,11401],[1,0,6270,1],[26221,6270,2850,27817],[14039,0,0,29639],[1,0,18240,1],[15961,27930,8550,7981],[15391,13110,0,15391],[3136,19095,11685,5986],[1,0,15600,1]];29640
126350.t1;[1, -1, 0, -665127947, 6188783038661];[[1,24,0,1],[1,0,24,1],[31897,24,31896,25],[9,16,31736,31593],[1,12,12,145],[7,24,31824,31591],[21296,23961,3417,20528],[25552,21,18579,31168],[13681,48,4572,577],[25168,31895,18809,29552],[10657,16,21536,241],[6687,6698,28450,423]];31920
126350.t2;[1, -1, 0, 37233653, 420287217861];[[27397,18,22062,31561],[7,48,31872,31591],[13,24,31368,30901],[19951,48,24,1153],[30232,31883,18413,23840],[23941,48,24,1153],[1,48,0,1],[25552,21,18579,31168],[33,16,30800,31377],[1,0,48,1],[31873,48,31872,49],[10657,16,21536,241],[31,36,28764,28255]];31920
126350.ba1;[1, -1, 0, -46061492, -112771265584];[[6752,25,13111,2368],[1,12,12,145],[10657,16,21536,241],[21296,23961,3417,20528],[7,24,31824,31591],[9,16,31736,31593],[6368,31899,13341,752],[1,24,0,1],[31897,24,31896,25],[6687,6698,28450,423],[13681,48,4572,577],[1,0,24,1]];31920
126350.ba2;[1, -1, 0, 2578508, -7660225584];[[27397,18,22062,31561],[7,48,31872,31591],[13,24,31368,30901],[6368,31899,13341,752],[19951,48,24,1153],[23941,48,24,1153],[1,48,0,1],[1,0,48,1],[33,16,30800,31377],[1688,37,13507,8080],[31873,48,31872,49],[10657,16,21536,241],[31,36,28764,28255]];31920
126350.cy1;[1, -1, 1, -1842460, -901801633];[[25552,21,18579,31168],[6752,25,13111,2368],[1,12,12,145],[10657,16,21536,241],[21296,23961,3417,20528],[7,24,31824,31591],[9,16,31736,31593],[1,24,0,1],[31897,24,31896,25],[6687,6698,28450,423],[13681,48,4572,577],[1,0,24,1]];31920
126350.cy2;[1, -1, 1, 103140, -61302433];[[27397,18,22062,31561],[7,48,31872,31591],[13,24,31368,30901],[19951,48,24,1153],[23941,48,24,1153],[1,48,0,1],[25552,21,18579,31168],[33,16,30800,31377],[1,0,48,1],[1688,37,13507,8080],[31873,48,31872,49],[10657,16,21536,241],[31,36,28764,28255]];31920
126350.de1;[1, -1, 1, -16628198680, 773581251633947];[[1,24,0,1],[1,0,24,1],[31897,24,31896,25],[6368,31899,13341,752],[9,16,31736,31593],[1,12,12,145],[7,24,31824,31591],[21296,23961,3417,20528],[13681,48,4572,577],[25168,31895,18809,29552],[10657,16,21536,241],[6687,6698,28450,423]];31920
126350.de2;[1, -1, 1, 930841320, 52536833073947];[[27397,18,22062,31561],[7,48,31872,31591],[13,24,31368,30901],[6368,31899,13341,752],[19951,48,24,1153],[30232,31883,18413,23840],[23941,48,24,1153],[1,48,0,1],[1,0,48,1],[33,16,30800,31377],[31873,48,31872,49],[10657,16,21536,241],[31,36,28764,28255]];31920
130050.o1;[1, -1, 0, -42950367, 121466910541];[[1,1530,0,1],[599,918,663,149],[1,702,0,1],[817,0,0,1633],[1,0,1360,1],[1,0,1530,1],[1919,1224,1224,143],[679,0,0,2039],[103,714,1479,1939],[1225,816,1224,1225],[1,816,0,1],[256,1785,1479,1],[1429,306,765,1939],[511,510,1530,1531],[681,1360,680,681]];2040
130050.o2;[1, -1, 0, -684117, -217623209];[[1,1530,0,1],[1271,1326,663,1925],[1,1380,0,1],[817,0,0,1633],[1,0,1360,1],[1,0,1530,1],[721,1632,816,1273],[679,0,0,2039],[103,714,1479,1939],[1225,816,1224,1225],[1,816,0,1],[256,1785,1479,1],[1429,306,765,1939],[511,510,1530,1531],[681,1360,680,681]];2040
130050.dh1;[1, -1, 0, -197709867, -1069973665209];[[1,1530,0,1],[1319,408,1224,767],[1271,1326,663,1925],[1,1380,0,1],[817,0,0,1633],[1,0,1360,1],[1,0,1530,1],[679,0,0,2039],[103,714,1479,1939],[1225,816,1224,1225],[1,816,0,1],[256,1785,1479,1],[1429,306,765,1939],[511,510,1530,1531],[681,1360,680,681]];2040
130050.dh2;[1, -1, 0, -148617, 24758541];[[1,1530,0,1],[599,918,663,149],[1,702,0,1],[121,816,816,1897],[817,0,0,1633],[1,0,1360,1],[1,0,1530,1],[679,0,0,2039],[103,714,1479,1939],[1225,816,1224,1225],[1,816,0,1],[256,1785,1479,1],[1429,306,765,1939],[511,510,1530,1531],[681,1360,680,681]];2040
130050.em1;[1, -1, 1, -7908395, -8558207643];[[1,1530,0,1],[769,714,1377,115],[1319,408,1224,767],[1,1380,0,1],[817,0,0,1633],[1,0,1360,1],[1,0,1530,1],[679,0,0,2039],[103,714,1479,1939],[1225,816,1224,1225],[1,816,0,1],[256,1785,1479,1],[1429,306,765,1939],[511,510,1530,1531],[681,1360,680,681]];2040
130050.em2;[1, -1, 1, -5945, 199257];[[1,1530,0,1],[1,702,0,1],[121,816,816,1897],[817,0,0,1633],[1,0,1360,1],[1,0,1530,1],[679,0,0,2039],[103,714,1479,1939],[1225,816,1224,1225],[1,816,0,1],[256,1785,1479,1],[1429,306,765,1939],[511,510,1530,1531],[1441,1122,1377,1891],[681,1360,680,681]];2040
130050.gu1;[1, -1, 1, -1718015, 972078887];[[1,1530,0,1],[1,702,0,1],[817,0,0,1633],[1,0,1360,1],[1,0,1530,1],[1919,1224,1224,143],[679,0,0,2039],[103,714,1479,1939],[1225,816,1224,1225],[1,816,0,1],[256,1785,1479,1],[1429,306,765,1939],[511,510,1530,1531],[1441,1122,1377,1891],[681,1360,680,681]];2040
130050.gu2;[1, -1, 1, -27365, -1735513];[[1,1530,0,1],[769,714,1377,115],[1,1380,0,1],[817,0,0,1633],[1,0,1360,1],[1,0,1530,1],[721,1632,816,1273],[679,0,0,2039],[103,714,1479,1939],[1225,816,1224,1225],[1,816,0,1],[256,1785,1479,1],[1429,306,765,1939],[511,510,1530,1531],[681,1360,680,681]];2040
132496.z1;[0, -1, 0, -42666472, 109075985264];[[1,0,4200,1],[10711,630,0,10711],[6721,6720,4200,6721],[9311,2415,1365,3116],[9344,4305,4305,4934],[1,0,9360,1],[3119,0,0,10919],[1561,9360,1560,1561],[5461,0,0,5461],[1,0,4620,1],[5461,4830,7035,6931],[3641,4830,0,1],[5041,6090,2310,7981],[8737,4830,0,1],[1,0,3150,1],[4201,0,0,3361],[657,4487,8050,783],[5461,4368,9660,5461]];10920
132496.z2;[0, -1, 0, 394728, -292572944];[[1,0,4200,1],[10711,630,0,10711],[1576,6615,3885,5986],[6721,6720,4200,6721],[1,0,9360,1],[3119,0,0,10919],[1561,9360,1560,1561],[5461,0,4620,5461],[1,0,4620,1],[8133,3283,6230,3807],[3641,4830,0,1],[1261,3150,4410,2857],[5041,6090,2310,7981],[1,0,3150,1],[736,5775,7665,4831],[4201,0,0,3361],[2729,6090,6615,3989],[1,4368,3360,1],[3641,0,0,3641]];10920
132496.br1;[0, -1, 0, -252464, 49725376];[[1,0,4200,1],[10711,630,0,10711],[1261,7875,6405,9976],[6721,6720,4200,6721],[10011,2261,9485,7806],[1,0,9360,1],[3119,0,0,10919],[1561,9360,1560,1561],[1023,6958,3185,4257],[5461,0,0,5461],[5461,4830,7035,6931],[1,0,4620,1],[5041,6090,2310,7981],[8737,4830,0,1],[1,6552,0,1],[4201,0,0,3361],[2729,6090,6615,3989],[3641,0,0,3641],[1,0,7770,1]];10920
132496.br2;[0, -1, 0, 2336, -133888];[[1,0,4200,1],[10711,630,0,10711],[1576,6615,3885,5986],[6721,6720,4200,6721],[1,0,9360,1],[3119,0,0,10919],[1561,9360,1560,1561],[5461,0,4620,5461],[2787,7637,4690,7113],[1,0,4620,1],[3641,4830,0,1],[1261,3150,4410,2857],[5041,6090,2310,7981],[1,0,3150,1],[736,5775,7665,4831],[4201,0,0,3361],[2729,6090,6615,3989],[1,4368,3360,1],[3641,0,0,3641]];10920
138384.bi1;[0, 0, 0, -10563084243, -417863299019886];[[1,0,28,1],[3905,3444,4326,1343],[2774,5199,4851,3581],[15,14,4984,4999],[5181,28,5180,29],[745,1764,0,1],[1735,0,0,5207],[1,2,14,29],[1,28,0,1],[2605,1764,3486,3865]];5208
138384.bi2;[0, 0, 0, -9920403, 6931948626];[[1,0,28,1],[3905,3444,4326,1343],[15,14,4984,4999],[5181,28,5180,29],[253,1812,84,3013],[1334,3459,3087,4853],[1735,0,0,5207],[1,2,14,29],[1,28,0,1],[2605,1764,3486,3865]];5208
138384.bl1;[0, 0, 0, -10991763, 14026494546];[[1,0,28,1],[15,14,4984,4999],[2434,9,357,1627],[1,28,0,1],[3905,3444,4326,1343],[5181,28,5180,29],[1735,0,0,5207],[745,1764,0,1],[2605,1764,3486,3865],[1,2,14,29]];5208
138384.bl2;[0, 0, 0, -10323, -232686];[[1,0,28,1],[3905,3444,4326,1343],[3874,1749,2121,355],[15,14,4984,4999],[5181,28,5180,29],[253,1812,84,3013],[1735,0,0,5207],[1,2,14,29],[1,28,0,1],[2605,1764,3486,3865]];5208
149058.m1;[1, -1, 0, -142011, 20977893];[[1,0,4200,1],[10711,630,0,10711],[1261,7875,6405,9976],[6721,6720,4200,6721],[1,0,9360,1],[3119,0,0,10919],[1561,9360,1560,1561],[1023,6958,3185,4257],[5461,0,0,5461],[909,8659,1435,3114],[5461,4830,7035,6931],[1,0,4620,1],[5041,6090,2310,7981],[8737,4830,0,1],[1,6552,0,1],[4201,0,0,3361],[8191,4830,4305,6931],[3641,0,0,3641],[1,0,7770,1]];10920
149058.m2;[1, -1, 0, 1314, -56484];[[1261,3150,4410,2857],[4201,0,0,3361],[3641,0,0,3641],[3119,0,0,10919],[1,0,4620,1],[1,0,4200,1],[5461,0,4620,5461],[1576,6615,3885,5986],[736,5775,7665,4831],[6721,6720,4200,6721],[10711,630,0,10711],[1,0,9360,1],[2787,7637,4690,7113],[8191,4830,4305,6931],[1,4368,3360,1],[1561,9360,1560,1561],[5041,6090,2310,7981],[1,0,3150,1],[7279,6090,0,10919]];10920
149058.ia1;[1, -1, 1, -23999891, 46016431283];[[4201,0,0,3361],[9897,3962,7735,6663],[1261,7875,6405,9976],[3641,0,0,3641],[3119,0,0,10919],[1,0,4620,1],[1,0,4200,1],[5461,0,0,5461],[1,6552,0,1],[5461,4830,7035,6931],[8737,4830,0,1],[6721,6720,4200,6721],[10711,630,0,10711],[1,0,7770,1],[1,0,9360,1],[8191,4830,4305,6931],[1561,9360,1560,1561],[909,8659,1435,3114],[5041,6090,2310,7981]];10920
149058.ia2;[1, -1, 1, 222034, -123429211];[[1261,3150,4410,2857],[4201,0,0,3361],[3641,0,0,3641],[3119,0,0,10919],[1,0,4620,1],[1,0,4200,1],[5461,0,4620,5461],[1576,6615,3885,5986],[736,5775,7665,4831],[6721,6720,4200,6721],[10711,630,0,10711],[1,0,9360,1],[8133,3283,6230,3807],[8191,4830,4305,6931],[1,4368,3360,1],[1561,9360,1560,1561],[5041,6090,2310,7981],[1,0,3150,1],[7279,6090,0,10919]];10920
178802.b1;[1, 1, 0, -28788984, -60459994304];[[13017,24242,1495,22263],[33121,31050,24150,34501],[7591,13110,0,7591],[8281,8280,27600,8281],[7177,4830,0,1],[17941,4830,14835,691],[26221,20355,1725,16216],[17941,0,0,17941],[1,14352,0,1],[26911,4830,5865,691],[20931,31901,21965,10926],[1,0,27600,1],[9361,26520,9360,9361],[1,0,6210,1],[1559,0,0,35879],[27601,0,0,22081],[1,0,26520,1],[1,0,12420,1],[23921,0,0,23921]];35880
178802.b2;[1, 1, 0, 266341, 162197989];[[17941,0,12420,17941],[33121,31050,24150,34501],[7591,13110,0,7591],[8281,8280,27600,8281],[27256,24495,27945,4831],[5013,18883,14030,17847],[23921,4830,0,1],[26911,4830,5865,691],[1,21528,22080,1],[1,0,27600,1],[32776,30015,21045,16906],[9361,26520,9360,9361],[27601,0,0,22081],[1559,0,0,35879],[1,0,29670,1],[26221,29670,20010,4417],[1,0,26520,1],[1,0,12420,1],[23921,0,0,23921]];35880
178802.o1;[1, 1, 1, -170349, -27584861];[[33121,31050,24150,34501],[7591,13110,0,7591],[8281,8280,27600,8281],[11823,12673,27830,16377],[32776,30015,30015,16906],[7177,4830,0,1],[17941,4830,14835,691],[34271,2415,4485,24956],[17941,0,0,17941],[23921,4830,0,1],[1,0,27600,1],[9361,26520,9360,9361],[27601,0,0,22081],[1559,0,0,35879],[1,0,29670,1],[1,0,26520,1],[17941,21528,9660,17941],[1,0,12420,1]];35880
178802.o2;[1, 1, 1, 1576, 74433];[[33121,31050,24150,34501],[8281,8280,27600,8281],[32776,30015,30015,16906],[17941,4830,14835,691],[15296,15525,1035,19781],[17941,0,0,17941],[1,14352,0,1],[23921,4830,0,1],[21391,22770,20700,13111],[30867,16997,21850,18033],[1,0,27600,1],[9361,26520,9360,9361],[1559,0,0,35879],[27601,0,0,22081],[1,0,29670,1],[26221,29670,20010,4417],[5981,0,0,5981],[1,0,26520,1],[1,0,12420,1]];35880
183027.h1;[1, 1, 1, -8706786, -9890623410];[[1,0,28,1],[15,14,20524,20539],[1606,13,273,355],[16363,20729,3871,18972],[20721,28,20720,29],[1,28,0,1],[6917,28,13846,393],[1,2,14,29],[8893,28,0,1],[10375,28,0,1]];20748
183027.h2;[1, 1, 1, -235921, 44007062];[[1,0,28,1],[15,14,20524,20539],[11177,7,14441,108],[10375,28,14,393],[2969,76,84,1277],[15262,20739,17787,109],[1,28,0,1],[20721,28,20720,29],[6917,28,13846,393],[1,2,14,29]];20748
183027.m1;[1, 0, 0, -4076030, 3166554819];[[1,2,14,29],[1,28,0,1],[6917,28,13846,393],[8893,28,0,1],[20721,28,20720,29],[19142,20735,20475,20393],[15,14,20524,20539],[4385,19,16877,1776],[10375,28,0,1],[1,0,28,1]];20748
183027.m2;[1, 0, 0, -110445, -14136552];[[1,0,28,1],[2969,76,84,1277],[5486,9,2961,20639],[20721,28,20720,29],[6917,28,13846,393],[9571,20741,6307,20640],[1,2,14,29],[15,14,20524,20539],[1,28,0,1],[10375,28,14,393]];20748
183027.ba1;[1, 1, 0, -1471446837, -21722342397192];[[1,2,14,29],[1,28,0,1],[6917,28,13846,393],[8893,28,0,1],[20721,28,20720,29],[16363,20729,3871,18972],[19142,20735,20475,20393],[15,14,20524,20539],[10375,28,0,1],[1,0,28,1]];20748
183027.ba2;[1, 1, 0, -39870652, 96882868867];[[1,0,28,1],[15,14,20524,20539],[10375,28,14,393],[2969,76,84,1277],[15262,20739,17787,109],[1,28,0,1],[20721,28,20720,29],[6917,28,13846,393],[9571,20741,6307,20640],[1,2,14,29]];20748
183027.bi1;[1, 0, 1, -24119, 1439453];[[1,0,28,1],[15,14,20524,20539],[1606,13,273,355],[20721,28,20720,29],[1,28,0,1],[6917,28,13846,393],[4385,19,16877,1776],[1,2,14,29],[8893,28,0,1],[10375,28,0,1]];20748
183027.bi2;[1, 0, 1, -654, -6485];[[1,0,28,1],[2969,76,84,1277],[5486,9,2961,20639],[20721,28,20720,29],[6917,28,13846,393],[11177,7,14441,108],[1,2,14,29],[15,14,20524,20539],[1,28,0,1],[10375,28,14,393]];20748
219024.bg1;[0, 0, 0, -201506643, -1100983537134];[[1,0,28,1],[3617,6545,1267,164],[5617,28,0,1],[1,28,0,1],[3277,28,14,393],[4913,6524,3262,6159],[15,14,6328,6343],[6526,6543,6363,109],[1,2,14,29],[6525,28,6524,29]];6552
219024.bg2;[0, 0, 0, -2194803, 1250800434];[[1,0,28,1],[2908,6551,637,6529],[1,28,0,1],[3277,28,14,393],[15,14,6328,6343],[5023,6533,5467,4776],[6525,28,6524,29],[1877,76,84,1277],[1,2,14,29],[4913,6524,0,6551]];6552
219024.bi1;[0, 0, 0, -132483, 18560386];[[1,0,28,1],[26,9,189,6443],[2935,7,5285,6388],[5617,28,0,1],[1,28,0,1],[3277,28,14,393],[4913,6524,3262,6159],[15,14,6328,6343],[6525,28,6524,29],[1,2,14,29]];6552
219024.bi2;[0, 0, 0, -1443, -21086];[[1529,19,1085,1776],[15,14,6328,6343],[1,2,14,29],[4913,6524,0,6551],[1,28,0,1],[1877,76,84,1277],[3277,28,14,393],[1,0,28,1],[6525,28,6524,29],[3644,1,5915,23]];6552
219024.by1;[0, 0, 0, -22389627, 40777168042];[[1,0,28,1],[2935,7,5285,6388],[5617,28,0,1],[1,28,0,1],[3277,28,14,393],[4913,6524,3262,6159],[15,14,6328,6343],[6526,6543,6363,109],[6525,28,6524,29],[1,2,14,29]];6552
219024.by2;[0, 0, 0, -243867, -46325942];[[1,0,28,1],[4913,6524,0,6551],[1877,16,84,269],[3277,28,14,393],[3644,1,5915,23],[5023,6537,2387,772],[1,2,14,29],[1,28,0,1],[15,14,6328,6343],[6525,28,6524,29]];6552
219024.ca1;[0, 0, 0, -1192347, -501130422];[[1,0,28,1],[26,9,189,6443],[3617,6545,1267,164],[5617,28,0,1],[1,28,0,1],[3277,28,14,393],[4913,6524,3262,6159],[15,14,6328,6343],[1,2,14,29],[6525,28,6524,29]];6552
219024.ca2;[0, 0, 0, -12987, 569322];[[1529,19,1085,1776],[15,14,6328,6343],[1,2,14,29],[4913,6524,0,6551],[1,28,0,1],[1877,76,84,1277],[3277,28,14,393],[1,0,28,1],[6525,28,6524,29],[2908,6551,637,6529]];6552
232562.a1;[1, -1, 0, -9236134, -10801663328];[[1,0,28,1],[16369,5236,0,1],[15,14,18872,18887],[9549,5236,12166,16017],[4170,209,17941,5435],[1,28,0,1],[19069,28,19068,29],[10415,0,0,19095],[1,2,14,29],[4775,5236,2618,16017]];19096
232562.a2;[1, -1, 0, -8674, 181396];[[1,0,28,1],[15,14,18872,18887],[8933,8756,15708,1277],[9549,5236,12166,16017],[14290,1749,385,2091],[1,28,0,1],[19069,28,19068,29],[10415,0,0,19095],[1,2,14,29],[4775,5236,2618,16017]];19096
232562.h1;[1, -1, 0, -8875924954, 321863359603616];[[1,0,28,1],[16369,5236,0,1],[15,14,18872,18887],[9549,5236,12166,16017],[1,28,0,1],[19069,28,19068,29],[10415,0,0,19095],[1,2,14,29],[14926,1727,4851,109],[4775,5236,2618,16017]];19096
232562.h2;[1, -1, 0, -8335894, -5337281548];[[1,0,28,1],[15,14,18872,18887],[9549,5236,12166,16017],[1,28,0,1],[4806,17347,18711,17005],[19069,28,19068,29],[10415,0,0,19095],[8933,13904,15708,3741],[1,2,14,29],[4775,5236,2618,16017]];19096
254016.ch1;[0, 0, 0, -222348, 40355056];[[1,0,28,1],[251,0,0,503],[477,28,476,29],[15,14,280,295],[1,28,0,1],[370,495,315,361],[127,28,0,1],[489,490,476,461],[279,476,280,475],[388,503,385,481],[1,2,14,29]];504
254016.ch2;[0, 0, 0, -588, -5264];[[1,0,28,1],[212,1,35,11],[477,28,476,29],[489,490,476,461],[279,476,280,475],[127,28,0,1],[251,0,0,503],[94,5,21,211],[1,2,14,29],[1,28,0,1],[15,14,280,295]];504
254016.cj1;[0, 0, 0, -98055468, -373728173616];[[1,0,28,1],[251,0,0,503],[134,9,189,143],[477,28,476,29],[377,476,0,503],[15,14,280,295],[1,28,0,1],[116,1,119,23],[489,490,476,461],[279,476,280,475],[1,2,14,29]];504
254016.cj2;[0, 0, 0, -259308, 48749904];[[1,0,28,1],[251,0,0,503],[477,28,476,29],[377,476,0,503],[15,14,280,295],[1,28,0,1],[410,499,483,293],[489,490,476,461],[279,476,280,475],[1,2,14,29],[292,503,469,493]];504
254016.do1;[0, 0, 0, -222348, -40355056];[[1,0,28,1],[251,0,0,503],[477,28,476,29],[377,476,0,503],[15,14,280,295],[1,28,0,1],[489,490,476,461],[279,476,280,475],[388,503,385,481],[1,2,14,29],[370,295,259,473]];504
254016.do2;[0, 0, 0, -588, 5264];[[1,0,28,1],[251,0,0,503],[212,5,119,123],[477,28,476,29],[377,476,0,503],[15,14,280,295],[410,503,427,489],[1,28,0,1],[489,490,476,461],[279,476,280,475],[1,2,14,29]];504
254016.dq1;[0, 0, 0, -98055468, 373728173616];[[1,0,28,1],[251,0,0,503],[134,9,189,143],[477,28,476,29],[15,14,280,295],[1,28,0,1],[127,28,0,1],[116,1,119,23],[489,490,476,461],[279,476,280,475],[1,2,14,29]];504
254016.dq2;[0, 0, 0, -259308, -48749904];[[1,0,28,1],[94,1,77,15],[251,0,0,503],[477,28,476,29],[292,499,385,381],[15,14,280,295],[1,28,0,1],[127,28,0,1],[489,490,476,461],[279,476,280,475],[1,2,14,29]];504
254016.es1;[0, 0, 0, -2001132, 1089586512];[[1,0,28,1],[370,295,259,473],[477,28,476,29],[489,490,476,461],[377,476,0,503],[279,476,280,475],[116,1,119,23],[251,0,0,503],[1,2,14,29],[1,28,0,1],[15,14,280,295]];504
254016.es2;[0, 0, 0, -5292, -142128];[[1,0,28,1],[251,0,0,503],[94,5,21,211],[477,28,476,29],[377,476,0,503],[15,14,280,295],[1,28,0,1],[489,490,476,461],[279,476,280,475],[1,2,14,29],[292,503,469,493]];504
254016.et1;[0, 0, 0, -10895052, -13841784208];[[1,0,28,1],[251,0,0,503],[134,9,189,143],[477,28,476,29],[15,14,280,295],[1,28,0,1],[127,28,0,1],[489,490,476,461],[279,476,280,475],[388,503,385,481],[1,2,14,29]];504
254016.et2;[0, 0, 0, -28812, 1805552];[[1,0,28,1],[94,1,77,15],[251,0,0,503],[212,5,119,123],[477,28,476,29],[15,14,280,295],[1,28,0,1],[127,28,0,1],[489,490,476,461],[279,476,280,475],[1,2,14,29]];504
254016.fz1;[0, 0, 0, -2001132, -1089586512];[[1,0,28,1],[370,295,259,473],[477,28,476,29],[489,490,476,461],[279,476,280,475],[127,28,0,1],[116,1,119,23],[251,0,0,503],[1,2,14,29],[1,28,0,1],[15,14,280,295]];504
254016.fz2;[0, 0, 0, -5292, 142128];[[1,0,28,1],[251,0,0,503],[477,28,476,29],[292,499,385,381],[15,14,280,295],[410,503,427,489],[1,28,0,1],[127,28,0,1],[489,490,476,461],[279,476,280,475],[1,2,14,29]];504
254016.ga1;[0, 0, 0, -10895052, 13841784208];[[1,0,28,1],[251,0,0,503],[134,9,189,143],[477,28,476,29],[377,476,0,503],[15,14,280,295],[1,28,0,1],[489,490,476,461],[279,476,280,475],[388,503,385,481],[1,2,14,29]];504
254016.ga2;[0, 0, 0, -28812, -1805552];[[1,0,28,1],[94,1,77,15],[251,0,0,503],[212,5,119,123],[477,28,476,29],[377,476,0,503],[15,14,280,295],[1,28,0,1],[489,490,476,461],[279,476,280,475],[1,2,14,29]];504
270400.ct1;[0, -1, 0, -87074433, 317993348737];[[16,375,375,1306],[781,0,0,781],[481,480,1080,481],[1351,630,0,1351],[779,1410,765,869],[1,0,1500,1],[1511,855,1365,1556],[781,1248,300,781],[657,1367,250,783],[521,150,0,1],[623,1410,0,1559],[1081,0,0,241],[1,0,30,1],[361,1410,750,181],[1,0,1080,1]];1560
270400.ct2;[0, -1, 0, 805567, -852867263];[[481,480,1080,481],[521,0,0,521],[1351,630,0,1351],[1544,1185,795,254],[391,150,1185,691],[1,0,1500,1],[333,163,1550,687],[1,1248,240,1],[736,1095,1425,151],[781,0,1500,781],[521,150,0,1],[1081,0,0,241],[1,0,30,1],[299,1530,270,263],[361,1410,750,181],[1,0,1080,1]];1560
270400.eb1;[0, -1, 0, -515233, 144898337];[[16,375,375,1306],[781,0,0,781],[481,480,1080,481],[1351,630,0,1351],[779,1410,765,869],[1,0,1500,1],[1511,855,1365,1556],[781,1248,300,781],[903,193,1310,777],[521,150,0,1],[623,1410,0,1559],[1081,0,0,241],[1,0,30,1],[361,1410,750,181],[1,0,1080,1]];1560
270400.eb2;[0, -1, 0, 4767, -389663];[[481,480,1080,481],[521,0,0,521],[1351,630,0,1351],[1544,1185,795,254],[1227,1397,10,873],[391,150,1185,691],[1,0,1500,1],[1,1248,240,1],[736,1095,1425,151],[781,0,1500,781],[521,150,0,1],[1081,0,0,241],[1,0,30,1],[299,1530,270,263],[361,1410,750,181],[1,0,1080,1]];1560
270400.gl1;[0, 1, 0, -515233, -144898337];[[781,0,0,781],[481,480,1080,481],[1351,630,0,1351],[779,1410,765,869],[1,0,1500,1],[1511,855,1365,1556],[781,1248,300,781],[903,193,1310,777],[1544,1185,1185,254],[521,150,0,1],[623,1410,0,1559],[1081,0,0,241],[1,0,30,1],[361,1410,750,181],[1,0,1080,1]];1560
270400.gl2;[0, 1, 0, 4767, 389663];[[481,480,1080,481],[521,0,0,521],[1351,630,0,1351],[1544,1185,795,254],[1227,1397,10,873],[1,1248,240,1],[1,0,1500,1],[1169,1410,375,869],[736,1095,1425,151],[781,0,1500,781],[521,150,0,1],[1081,0,0,241],[1,0,30,1],[299,1530,270,263],[361,1410,750,181],[1,0,1080,1]];1560
270400.ht1;[0, 1, 0, -87074433, -317993348737];[[781,0,0,781],[481,480,1080,481],[1351,630,0,1351],[779,1410,765,869],[1,0,1500,1],[1511,855,1365,1556],[781,1248,300,781],[657,1367,250,783],[1544,1185,1185,254],[521,150,0,1],[623,1410,0,1559],[1081,0,0,241],[1,0,30,1],[361,1410,750,181],[1,0,1080,1]];1560
270400.ht2;[0, 1, 0, 805567, 852867263];[[781,0,0,781],[481,480,1080,481],[779,1410,765,869],[1,0,1500,1],[1301,0,0,1301],[333,163,1550,687],[1,312,0,1],[1256,1485,1035,1061],[1544,1185,1185,254],[521,150,0,1],[1111,930,420,631],[1081,0,0,241],[1,0,30,1],[299,1530,270,263],[361,1410,750,181],[1,0,1080,1]];1560
284258.j1;[1, 0, 1, -270820, 55129570];[[22621,0,0,22621],[7801,37440,7800,7801],[10383,36598,9425,40137],[11311,39150,15225,44371],[30161,0,0,30161],[1,0,29580,1],[3481,6090,14790,1741],[1,36192,0,1],[34801,34800,10440,34801],[12181,42195,20445,2176],[1,0,37410,1],[3771,39701,25085,39006],[18097,39150,0,1],[1,0,10440,1],[22621,39150,3915,44371],[7799,0,0,45239],[10441,0,0,17401],[1,0,37440,1],[35671,28710,0,35671]];45240
284258.j2;[1, 0, 1, 2505, -147678];[[22621,0,29580,22621],[18387,40397,32770,16473],[12181,7830,20010,21577],[33496,36975,32625,39151],[26536,30015,41325,1306],[7801,37440,7800,7801],[11311,39150,15225,44371],[30161,0,0,30161],[1,0,29580,1],[30161,39150,0,1],[3481,6090,14790,1741],[1,9048,17400,1],[34801,34800,10440,34801],[1,0,7830,1],[1,0,10440,1],[7799,0,0,45239],[10441,0,0,17401],[1,0,37440,1],[35671,28710,0,35671]];45240
284258.x1;[1, 0, 0, -45768499, 121165434337];[[26536,30015,30015,1306],[22621,0,0,22621],[7801,37440,7800,7801],[22621,9048,33060,22621],[1,0,29580,1],[30161,39150,0,1],[3481,6090,14790,1741],[34801,34800,10440,34801],[20937,32567,4930,8583],[1,0,7830,1],[18097,39150,0,1],[17111,19575,16965,6236],[1,0,10440,1],[22621,39150,3915,44371],[7799,0,0,45239],[10441,0,0,17401],[1,0,37440,1],[35671,28710,0,35671]];45240
284258.x2;[1, 0, 0, 423426, -324871444];[[22621,0,29580,22621],[12181,7830,20010,21577],[26853,4843,12470,28767],[26536,30015,41325,1306],[33496,36975,32625,39151],[7801,37440,7800,7801],[11311,39150,15225,44371],[30161,0,0,30161],[1,0,29580,1],[30161,39150,0,1],[3481,6090,14790,1741],[1,9048,17400,1],[34801,34800,10440,34801],[1,0,7830,1],[1,0,10440,1],[7799,0,0,45239],[10441,0,0,17401],[1,0,37440,1],[35671,28710,0,35671]];45240
324818.a1;[1, -1, 0, -12900055, 17836679017];[[22541,28,22540,29],[1,0,28,1],[11285,15652,19110,16017],[15,14,22344,22359],[16927,15652,7826,16017],[19095,0,0,22567],[18058,13897,2093,20723],[12897,15652,0,1],[1,2,14,29],[1,28,0,1]];22568
324818.a2;[1, -1, 0, -12115, -292811];[[22541,28,22540,29],[7346,13,17745,12507],[1,0,28,1],[11285,15652,19110,16017],[15,14,22344,22359],[16927,15652,7826,16017],[19095,0,0,22567],[1,2,14,29],[1,28,0,1],[5461,7020,1820,16901]];22568
324818.k1;[1, 0, 1, -52299082, -148011782852];[[1,0,43680,1],[21856,14415,14415,15346],[24181,38688,1860,24181],[22321,22320,26040,22321],[24181,25110,46035,38131],[7751,36735,6045,24956],[1,0,43710,1],[33417,15407,9610,42903],[29017,25110,0,1],[9359,0,0,48359],[16121,25110,0,1],[40921,23250,28830,20461],[24181,0,0,24181],[1,0,26040,1],[32551,47430,0,32551],[1,0,9300,1],[4681,43680,4680,4681],[26041,0,0,11161]];48360
324818.k2;[1, 0, 1, 483843, 396911712];[[1,0,43680,1],[21856,14415,2325,15346],[6976,47895,45105,25111],[22321,22320,26040,22321],[24181,0,9300,24181],[15933,37603,1550,28767],[1,0,43710,1],[1,38688,11160,1],[9359,0,0,48359],[16121,25110,0,1],[40921,23250,28830,20461],[46501,43710,41850,21577],[1,0,26040,1],[32551,47430,0,32551],[1,0,9300,1],[36271,25110,33945,38131],[4681,43680,4680,4681],[26041,0,0,11161],[16121,0,0,16121]];48360
324818.m1;[1, -1, 0, -12396953035, -531273328971631];[[22541,28,22540,29],[1,0,28,1],[11285,15652,19110,16017],[15,14,22344,22359],[16927,15652,7826,16017],[19095,0,0,22567],[12897,15652,0,1],[4510,3263,8099,17133],[1,2,14,29],[1,28,0,1]];22568
324818.m2;[1, -1, 0, -11642695, 8816273597];[[22541,28,22540,29],[1,0,28,1],[11285,15652,19110,16017],[15,14,22344,22359],[16927,15652,7826,16017],[19095,0,0,22567],[1,2,14,29],[1,28,0,1],[15222,22555,4823,10061],[5461,7020,1820,16901]];22568
324818.u1;[1, 0, 0, -309462, -67393756];[[1,0,43680,1],[21856,14415,14415,15346],[24181,38688,1860,24181],[22321,22320,26040,22321],[24181,25110,46035,38131],[7751,36735,6045,24956],[1,0,43710,1],[29017,25110,0,1],[9359,0,0,48359],[16121,25110,0,1],[40921,23250,28830,20461],[1,0,26040,1],[24181,0,0,24181],[32551,47430,0,32551],[14943,32953,38750,5457],[1,0,9300,1],[4681,43680,4680,4681],[26041,0,0,11161]];48360
324818.u2;[1, 0, 0, 2863, 180881];[[1,0,43680,1],[21856,14415,14415,15346],[22321,22320,26040,22321],[24181,25110,46035,38131],[40301,0,0,40301],[1,0,43710,1],[21391,930,31620,47431],[9359,0,0,48359],[16121,25110,0,1],[40921,23250,28830,20461],[46501,43710,41850,21577],[24181,0,0,24181],[1,0,26040,1],[23096,35805,8835,29141],[1,9672,0,1],[1,0,9300,1],[4681,43680,4680,4681],[26041,0,0,11161],[32427,10757,46810,19593]];48360
327184.cx1;[0, 1, 0, -623432, 192423284];[[1,0,2640,1],[2641,0,0,15841],[9359,0,0,17159],[1,0,7800,1],[14521,14520,2640,14521],[6601,2970,2310,3301],[8581,14190,11715,6931],[1,0,4620,1],[1,0,6270,1],[8581,13728,11220,8581],[7591,11550,0,7591],[10297,14190,0,1],[9361,7800,9360,9361],[14024,7425,7425,1814],[11441,14190,0,1],[8581,0,0,8581],[903,4873,10670,5457],[12431,7095,10725,4676]];17160
327184.cx2;[0, 1, 0, 5768, -514604];[[1,0,6270,1],[7591,11550,0,7591],[4289,2970,9735,10229],[9359,0,0,17159],[1,0,7800,1],[6601,2970,2310,3301],[1,13728,15840,1],[1,0,2640,1],[3136,9735,5445,15346],[9361,7800,9360,9361],[8581,0,4620,8581],[5941,6270,12210,16897],[11441,14190,0,1],[11441,0,0,11441],[1,0,4620,1],[16336,5775,6105,14191],[14521,14520,2640,14521],[2641,0,0,15841],[13707,1397,7810,11793]];17160
327184.dt1;[0, 1, 0, -105360064, 423175395124];[[1,0,2640,1],[2641,0,0,15841],[16257,12287,6490,11703],[9359,0,0,17159],[1,0,7800,1],[14521,14520,2640,14521],[6601,2970,2310,3301],[8581,14190,11715,6931],[1,0,4620,1],[1,0,6270,1],[8581,13728,11220,8581],[7591,11550,0,7591],[10297,14190,0,1],[9361,7800,9360,9361],[14024,7425,7425,1814],[11441,14190,0,1],[8581,0,0,8581],[12431,7095,10725,4676]];17160
327184.dt2;[0, 1, 0, 974736, -1134484012];[[9359,0,0,17159],[11441,14190,0,1],[6601,2970,2310,3301],[1,0,6270,1],[3453,15763,9350,5367],[11441,0,0,11441],[1,0,4620,1],[3136,9735,5445,15346],[14521,14520,2640,14521],[1,0,2640,1],[9361,7800,9360,9361],[7591,11550,0,7591],[4289,2970,9735,10229],[2641,0,0,15841],[1,0,7800,1],[1,13728,15840,1],[5941,6270,12210,16897],[8581,0,4620,8581],[16336,5775,6105,14191]];17160
368082.f1;[1, -1, 0, -59265036, 178556752336];[[1,0,2640,1],[2641,0,0,15841],[5941,15675,165,8416],[9359,0,0,17159],[8337,5522,9295,5103],[1,0,7800,1],[11441,0,0,11441],[14521,14520,2640,14521],[6601,2970,2310,3301],[8581,14190,11715,6931],[1,0,4620,1],[7591,11550,0,7591],[1,0,10890,1],[12871,14190,7425,6931],[10297,14190,0,1],[9361,7800,9360,9361],[8581,0,0,8581],[7149,10219,13915,4674],[1,3432,0,1]];17160
368082.f2;[1, -1, 0, 548289, -478884587];[[1,0,2640,1],[2641,0,0,15841],[3453,15763,9350,5367],[9359,0,0,17159],[1,0,7800,1],[11441,0,0,11441],[14521,14520,2640,14521],[6601,2970,2310,3301],[16336,5775,6105,14191],[3136,9735,5445,15346],[1,0,4620,1],[1,0,6270,1],[5719,2970,0,17159],[5941,6270,12210,16897],[7591,11550,0,7591],[12871,14190,7425,6931],[9361,7800,9360,9361],[1,13728,15840,1],[8581,0,4620,8581]];17160
368082.hp1;[1, -1, 1, -350681, 81353913];[[1,0,2640,1],[2641,0,0,15841],[9359,0,0,17159],[1,0,7800,1],[14521,14520,2640,14521],[6601,2970,2310,3301],[8581,14190,11715,6931],[1,0,4620,1],[1,0,6270,1],[8581,13728,11220,8581],[5719,2970,0,17159],[7591,11550,0,7591],[10297,14190,0,1],[9361,7800,9360,9361],[3136,9735,9735,15346],[8581,0,0,8581],[903,4873,10670,5457],[12431,7095,10725,4676]];17160
368082.hp2;[1, -1, 1, 3244, -218721];[[1,0,2640,1],[8911,5610,1980,11551],[2641,0,0,15841],[9359,0,0,17159],[1,0,7800,1],[14521,14520,2640,14521],[6601,2970,2310,3301],[8581,14190,11715,6931],[1,0,4620,1],[10616,1485,10395,4181],[1,0,6270,1],[2861,0,0,2861],[5941,6270,12210,16897],[5719,2970,0,17159],[13707,1397,7810,11793],[9361,7800,9360,9361],[3136,9735,9735,15346],[8581,0,0,8581],[1,3432,0,1]];17160
384400.a1;[0, 0, 0, -30532675, -64937474750];[[1,0,28,1],[2481,3500,0,1],[4341,3500,1750,5601],[5906,1745,5565,8571],[2169,5180,2590,3079],[6943,0,0,8679],[1,28,0,1],[1,2,14,29],[15,14,8456,8471],[8653,28,8652,29]];8680
384400.a2;[0, 0, 0, -28675, 1077250];[[1,0,28,1],[4341,3500,1750,5601],[2169,5180,2590,3079],[5461,7020,1820,8221],[6943,0,0,8679],[1,28,0,1],[1,2,14,29],[7346,3485,385,2091],[8653,28,8652,29],[15,14,8456,8471]];8680
384400.cz1;[0, 0, 0, -29341900675, 1934552310277250];[[1,0,28,1],[2481,3500,0,1],[4341,3500,1750,5601],[2169,5180,2590,3079],[2774,6935,3115,109],[6943,0,0,8679],[1,28,0,1],[1,2,14,29],[8653,28,8652,29],[15,14,8456,8471]];8680
384400.cz2;[0, 0, 0, -27556675, -32092354750];[[1,0,28,1],[4341,3500,1750,5601],[2169,5180,2590,3079],[1334,5195,8295,6589],[6943,0,0,8679],[1,28,0,1],[5461,6960,1820,3741],[1,2,14,29],[8653,28,8652,29],[15,14,8456,8471]];8680
402486.r1;[1, 1, 0, -472777, -122913083];[[1,0,28,1],[4663,28,3122,393],[866,9,1701,6107],[5332,1,91,23],[4145,28,2086,393],[1,2,14,29],[15,14,5992,6007],[1,28,0,1],[3109,28,14,393],[6189,28,6188,29]];6216
402486.r2;[1, 1, 0, -55787, 5048457];[[1,0,28,1],[6189,28,6188,29],[4145,28,2086,393],[15,14,5992,6007],[4663,28,0,1],[1,28,0,1],[3109,28,14,393],[6065,19,3437,1776],[891,19,5873,4044],[1,2,14,29]];6216
402486.bp1;[1, 0, 1, -23166099, 42089689198];[[1,0,28,1],[6189,28,6188,29],[4145,28,2086,393],[15,14,5992,6007],[4663,28,3122,393],[1,28,0,1],[866,209,4109,2803],[3109,28,14,393],[1,2,14,29],[884,6215,6125,6193]];6216
402486.bp2;[1, 0, 1, -2733589, -1739821492];[[1,0,28,1],[6189,28,6188,29],[4145,28,2086,393],[15,14,5992,6007],[4663,28,0,1],[1,28,0,1],[3109,28,14,393],[5325,6197,343,2172],[6065,19,3437,1776],[1,2,14,29]];6216
402486.cx1;[1, 1, 1, -647232426, -6216207910473];[[1,0,28,1],[4663,28,3122,393],[5350,6207,4515,109],[5332,1,91,23],[4145,28,2086,393],[1,2,14,29],[15,14,5992,6007],[1,28,0,1],[3109,28,14,393],[6189,28,6188,29]];6216
402486.cx2;[1, 1, 1, -76373116, 256865085497];[[1,0,28,1],[6189,28,6188,29],[4145,28,2086,393],[15,14,5992,6007],[4663,28,0,1],[151,6197,2779,4440],[1,28,0,1],[3109,28,14,393],[891,19,5873,4044],[1,2,14,29]];6216
402486.dw1;[1, 0, 0, -31714388875, 2132064170125553];[[1,0,28,1],[4663,28,3122,393],[5350,6207,4515,109],[884,6215,6125,6193],[4145,28,2086,393],[1,2,14,29],[15,14,5992,6007],[1,28,0,1],[3109,28,14,393],[6189,28,6188,29]];6216
402486.dw2;[1, 0, 0, -3742282685, -88115951173587];[[1,0,28,1],[6189,28,6188,29],[4145,28,2086,393],[15,14,5992,6007],[4663,28,0,1],[1,28,0,1],[5325,6173,847,5924],[3109,28,14,393],[151,6201,3563,772],[1,2,14,29]];6216
414050.bb1;[1, 1, 0, -394475, -97119875];[[1,0,4200,1],[10711,630,0,10711],[1261,7875,6405,9976],[6721,6720,4200,6721],[10011,2261,9485,7806],[1,0,9360,1],[3119,0,0,10919],[1561,9360,1560,1561],[1023,6958,3185,4257],[5461,0,0,5461],[5461,4830,7035,6931],[1,0,4620,1],[2183,6090,0,10919],[5041,6090,2310,7981],[1,6552,0,1],[4201,0,0,3361],[8191,4830,4305,6931],[3641,0,0,3641],[1,0,7770,1]];10920
414050.bb2;[1, 1, 0, 3650, 261500];[[10711,630,0,10711],[1,0,4200,1],[1576,6615,3885,5986],[6721,6720,4200,6721],[9659,7770,6510,8063],[1,0,9360,1],[3119,0,0,10919],[1561,9360,1560,1561],[5461,0,4620,5461],[2787,7637,4690,7113],[1,0,4620,1],[3641,4830,0,1],[5041,6090,2310,7981],[1,0,3150,1],[736,5775,7665,4831],[4201,0,0,3361],[1,4368,3360,1],[8191,4830,4305,6931],[3641,0,0,3641]];10920
414050.fb1;[1, 1, 1, -66666363, -213039033719];[[1,0,4200,1],[10711,630,0,10711],[6721,6720,4200,6721],[9311,2415,1365,3116],[1,0,9360,1],[3119,0,0,10919],[1561,9360,1560,1561],[5461,0,0,5461],[1,0,4620,1],[5461,4830,7035,6931],[3641,4830,0,1],[2183,6090,0,10919],[5041,6090,2310,7981],[1,0,3150,1],[4201,0,0,3361],[1576,6615,6615,5986],[657,4487,8050,783],[5461,4368,9660,5461]];10920
414050.fb2;[1, 1, 1, 616762, 571431531];[[1,0,4200,1],[10711,630,0,10711],[1576,6615,3885,5986],[6721,6720,4200,6721],[9659,7770,6510,8063],[1,0,9360,1],[3119,0,0,10919],[1561,9360,1560,1561],[5461,0,4620,5461],[1,0,4620,1],[8133,3283,6230,3807],[3641,4830,0,1],[5041,6090,2310,7981],[1,0,3150,1],[736,5775,7665,4831],[4201,0,0,3361],[1,4368,3360,1],[8191,4830,4305,6931],[3641,0,0,3641]];10920
432450.hq1;[1, -1, 1, -17174630, -27391203503];[[1,0,28,1],[13021,12180,19110,14281],[17359,0,0,26039],[15,14,25816,25831],[26013,28,26012,29],[1,28,0,1],[6511,12180,6090,14281],[15623,0,0,26039],[11161,12180,0,1],[1,2,14,29],[23266,10425,5565,17251]];26040
432450.hq2;[1, -1, 1, -16130, 458497];[[1,0,28,1],[5461,7020,10500,8221],[13021,12180,19110,14281],[17359,0,0,26039],[15,14,25816,25831],[24706,12165,17745,10771],[26013,28,26012,29],[1,28,0,1],[6511,12180,6090,14281],[15623,0,0,26039],[1,2,14,29]];26040
432450.hy1;[1, -1, 1, -16504819130, 816143382102997];[[1,0,28,1],[13021,12180,19110,14281],[17359,0,0,26039],[15,14,25816,25831],[26013,28,26012,29],[1,28,0,1],[6511,12180,6090,14281],[15623,0,0,26039],[2774,15615,20475,8789],[11161,12180,0,1],[1,2,14,29]];26040
432450.hy2;[1, -1, 1, -15500630, -13535087003];[[1,0,28,1],[13021,12180,19110,14281],[17359,0,0,26039],[15,14,25816,25831],[26013,28,26012,29],[1,28,0,1],[6511,12180,6090,14281],[1334,13875,8295,15269],[15623,0,0,26039],[5461,6960,10500,12421],[1,2,14,29]];26040
462400.v1;[0, 1, 0, -1405936833, -20291276921537];[[1,136,0,1],[591,646,663,565],[511,510,170,171],[611,374,595,101],[577,646,561,101],[137,0,0,273],[639,408,544,87],[256,425,119,1],[1,170,0,1],[1,0,170,1],[545,136,544,545],[1,20,0,1]];680
462400.v2;[0, 1, 0, -1056833, 468438463];[[137,0,0,273],[1,136,0,1],[545,136,544,545],[1,22,0,1],[1,0,170,1],[611,374,595,101],[256,425,119,1],[1,170,0,1],[577,646,561,101],[599,238,663,149],[121,136,136,537],[511,510,170,171]];680
462400.w1;[0, 1, 0, -305424833, -2303270717537];[[103,34,119,579],[137,0,0,273],[559,544,544,143],[1,136,0,1],[545,136,544,545],[1,22,0,1],[1,0,170,1],[611,374,595,101],[256,425,119,1],[1,170,0,1],[599,238,663,149],[511,510,170,171]];680
462400.w2;[0, 1, 0, -4864833, 4128402463];[[103,34,119,579],[137,0,0,273],[1,136,0,1],[545,136,544,545],[1,20,0,1],[41,272,136,593],[1,0,170,1],[611,374,595,101],[256,425,119,1],[591,646,663,565],[1,170,0,1],[511,510,170,171]];680
462400.x1;[0, 1, 0, -12216993, 18421278943];[[137,0,0,273],[559,544,544,143],[1,136,0,1],[545,136,544,545],[81,442,17,531],[1,22,0,1],[1,0,170,1],[611,374,595,101],[256,425,119,1],[1,170,0,1],[577,646,561,101],[511,510,170,171]];680
462400.x2;[0, 1, 0, -194593, -33105057];[[137,0,0,273],[1,136,0,1],[545,136,544,545],[1,20,0,1],[41,272,136,593],[89,34,17,115],[1,0,170,1],[611,374,595,101],[256,425,119,1],[1,170,0,1],[577,646,561,101],[511,510,170,171]];680
462400.y1;[0, 1, 0, -56237473, 162307720383];[[103,34,119,579],[137,0,0,273],[639,408,544,87],[1,136,0,1],[545,136,544,545],[1,20,0,1],[89,34,17,115],[1,0,170,1],[611,374,595,101],[256,425,119,1],[1,170,0,1],[511,510,170,171]];680
462400.y2;[0, 1, 0, -42273, -3764417];[[103,34,119,579],[137,0,0,273],[1,136,0,1],[545,136,544,545],[81,442,17,531],[1,22,0,1],[1,0,170,1],[256,425,119,1],[611,374,595,101],[1,170,0,1],[121,136,136,537],[511,510,170,171]];680
462400.io1;[0, -1, 0, -56237473, -162307720383];[[137,0,0,273],[639,408,544,87],[1,136,0,1],[545,136,544,545],[1,20,0,1],[89,34,17,115],[1,0,170,1],[611,374,595,101],[256,425,119,1],[1,170,0,1],[577,646,561,101],[511,510,170,171]];680
462400.io2;[0, -1, 0, -42273, 3764417];[[137,0,0,273],[1,136,0,1],[545,136,544,545],[81,442,17,531],[1,22,0,1],[1,0,170,1],[256,425,119,1],[611,374,595,101],[1,170,0,1],[577,646,561,101],[121,136,136,537],[511,510,170,171]];680
462400.ip1;[0, -1, 0, -12216993, -18421278943];[[103,34,119,579],[137,0,0,273],[559,544,544,143],[1,136,0,1],[545,136,544,545],[81,442,17,531],[1,22,0,1],[1,0,170,1],[611,374,595,101],[256,425,119,1],[1,170,0,1],[511,510,170,171]];680
462400.ip2;[0, -1, 0, -194593, 33105057];[[103,34,119,579],[137,0,0,273],[1,136,0,1],[545,136,544,545],[1,20,0,1],[41,272,136,593],[89,34,17,115],[1,0,170,1],[611,374,595,101],[256,425,119,1],[1,170,0,1],[511,510,170,171]];680
462400.iq1;[0, -1, 0, -305424833, 2303270717537];[[137,0,0,273],[559,544,544,143],[1,136,0,1],[545,136,544,545],[1,22,0,1],[1,0,170,1],[611,374,595,101],[256,425,119,1],[1,170,0,1],[577,646,561,101],[599,238,663,149],[511,510,170,171]];680
462400.iq2;[0, -1, 0, -4864833, -4128402463];[[137,0,0,273],[1,136,0,1],[545,136,544,545],[1,20,0,1],[41,272,136,593],[1,0,170,1],[611,374,595,101],[256,425,119,1],[591,646,663,565],[1,170,0,1],[577,646,561,101],[511,510,170,171]];680
462400.ir1;[0, -1, 0, -1405936833, 20291276921537];[[103,34,119,579],[137,0,0,273],[639,408,544,87],[1,136,0,1],[545,136,544,545],[1,20,0,1],[1,0,170,1],[611,374,595,101],[256,425,119,1],[591,646,663,565],[1,170,0,1],[511,510,170,171]];680
462400.ir2;[0, -1, 0, -1056833, -468438463];[[103,34,119,579],[137,0,0,273],[1,136,0,1],[545,136,544,545],[1,22,0,1],[1,0,170,1],[611,374,595,101],[256,425,119,1],[1,170,0,1],[599,238,663,149],[121,136,136,537],[511,510,170,171]];680
462722.b1;[1, 1, 0, -440846, 114360628];[[14431,18870,10545,52171],[9361,48360,9360,9361],[28861,0,0,28861],[46177,18870,0,1],[28861,18870,53835,52171],[19981,9435,43845,42736],[9359,0,0,57719],[24051,39701,15725,46806],[1,0,8880,1],[8881,0,0,53281],[22201,38850,36630,11101],[54391,9990,0,54391],[1,0,15540,1],[1,0,7770,1],[43143,25678,31265,13617],[1,0,48360,1],[48841,48840,8880,48841],[19241,0,0,19241],[1,34632,0,1]];57720
462722.b2;[1, 1, 0, 4079, -305443];[[19981,49950,12210,10657],[48027,32597,35890,24273],[24976,47175,3885,37186],[14431,18870,10545,52171],[8881,0,0,53281],[48841,48840,8880,48841],[1,0,49950,1],[28861,0,15540,28861],[11656,33855,6105,18871],[54391,9990,0,54391],[1,0,48360,1],[1,0,15540,1],[1,0,8880,1],[1,23088,53280,1],[9361,48360,9360,9361],[9359,0,0,57719],[19241,18870,0,1],[19241,0,0,19241],[22201,38850,36630,11101]];57720
462722.k1;[1, 1, 1, -74503062, 251622814867];[[28861,23088,37740,28861],[28861,0,0,28861],[51431,38295,21645,10916],[41217,40367,31450,8583],[8881,0,0,53281],[48841,48840,8880,48841],[1,0,49950,1],[54391,9990,0,54391],[1,0,15540,1],[1,0,48360,1],[1,0,8880,1],[46177,18870,0,1],[24976,47175,47175,37186],[9361,48360,9360,9361],[28861,18870,53835,52171],[9359,0,0,57719],[19241,18870,0,1],[22201,38850,36630,11101]];57720
462722.k2;[1, 1, 1, 689263, -674504745];[[19981,49950,12210,10657],[24976,47175,3885,37186],[9693,25123,21830,33447],[14431,18870,10545,52171],[8881,0,0,53281],[48841,48840,8880,48841],[1,0,49950,1],[28861,0,15540,28861],[11656,33855,6105,18871],[54391,9990,0,54391],[1,0,48360,1],[1,0,15540,1],[1,0,8880,1],[1,23088,53280,1],[9361,48360,9360,9361],[9359,0,0,57719],[19241,18870,0,1],[19241,0,0,19241],[22201,38850,36630,11101]];57720
467856.bm1;[0, 0, 0, -10122003, -12375323694];[[1,0,28,1],[257,7,1085,108],[15,14,4564,4579],[506,4579,3227,977],[4105,28,0,1],[2393,4760,4774,4395],[1,28,0,1],[4761,28,4760,29],[1,2,14,29]];4788
467856.bm2;[0, 0, 0, -518643, 143764146];[[1,0,28,1],[15,14,4564,4579],[4246,4775,2919,4433],[1373,76,84,1277],[2393,4760,4774,4395],[2789,19,4109,1776],[1,28,0,1],[4761,28,4760,29],[1,2,14,29]];4788
467856.bn1;[0, 0, 0, -3654043083, 84882345217146];[[1,0,28,1],[15,14,4564,4579],[506,4579,3227,977],[4105,28,0,1],[2393,4760,4774,4395],[1,28,0,1],[4761,28,4760,29],[1,2,14,29],[4531,4781,3703,4680]];4788
467856.bn2;[0, 0, 0, -187230123, -986078277414];[[1,0,28,1],[15,14,4564,4579],[4246,4775,2919,4433],[1999,4769,679,3012],[1373,76,84,1277],[2393,4760,4774,4395],[1,28,0,1],[4761,28,4760,29],[1,2,14,29]];4788
467856.cj1;[0, 0, 0, -1124667, 458345322];[[1,0,28,1],[257,7,1085,108],[15,14,4564,4579],[4105,28,0,1],[4282,9,4473,4679],[2393,4760,4774,4395],[1,28,0,1],[4761,28,4760,29],[1,2,14,29]];4788
467856.cj2;[0, 0, 0, -57627, -5324598];[[1,0,28,1],[15,14,4564,4579],[1373,76,84,1277],[2393,4760,4774,4395],[2789,19,4109,1776],[1,28,0,1],[4761,28,4760,29],[1,2,14,29],[542,13,1869,355]];4788
467856.ck1;[0, 0, 0, -406004787, -3143790563598];[[1,0,28,1],[15,14,4564,4579],[4105,28,0,1],[2393,4760,4774,4395],[1,28,0,1],[4761,28,4760,29],[4282,209,1561,3811],[1,2,14,29],[4531,4781,3703,4680]];4788
467856.ck2;[0, 0, 0, -20803347, 36521417682];[[1,0,28,1],[15,14,4564,4579],[1999,4769,679,3012],[1373,76,84,1277],[2393,4760,4774,4395],[1,28,0,1],[4761,28,4760,29],[1,2,14,29],[542,13,1869,355]];4788
480249.i1;[1, -1, 1, -20598458, 35988381608];[[1,0,28,1],[1376,253,2387,23],[2386,495,2079,109],[1,28,0,1],[15,14,2548,2563],[1387,1540,0,1],[251,0,0,2771],[1,2,14,29],[2745,28,2744,29]];2772
480249.i2;[1, -1, 1, -54473, -4680112];[[1,0,28,1],[1418,2519,2695,2001],[1,28,0,1],[15,14,2548,2563],[1387,1540,0,1],[251,0,0,2771],[1,2,14,29],[2745,28,2744,29],[716,1265,2387,375]];2772
480249.s1;[1, -1, 1, -420377, -104802288];[[1,0,28,1],[386,2277,693,2663],[1376,253,2387,23],[1,28,0,1],[15,14,2548,2563],[1387,1540,0,1],[251,0,0,2771],[1,2,14,29],[2745,28,2744,29]];2772
480249.s2;[1, -1, 1, -1112, 13962];[[1,0,28,1],[1,28,0,1],[15,14,2548,2563],[1387,1540,0,1],[251,0,0,2771],[1,2,14,29],[2745,28,2744,29],[716,1265,2387,375],[1354,253,77,771]];2772
480249.be1;[1, -1, 0, -3783390, 2833445159];[[1,0,28,1],[386,2277,693,2663],[1396,2519,385,2749],[1,28,0,1],[15,14,2548,2563],[1387,1540,0,1],[251,0,0,2771],[1,2,14,29],[2745,28,2744,29]];2772
480249.be2;[1, -1, 0, -10005, -366976];[[1,0,28,1],[1,28,0,1],[15,14,2548,2563],[1387,1540,0,1],[251,0,0,2771],[1,2,14,29],[2745,28,2744,29],[2056,1507,385,2397],[1354,253,77,771]];2772
480249.bq1;[1, -1, 0, -185386119, -971500917304];[[1,0,28,1],[2386,2563,1771,725],[1396,2519,385,2749],[1,28,0,1],[15,14,2548,2563],[1387,1540,0,1],[251,0,0,2771],[1,2,14,29],[2745,28,2744,29]];2772
480249.bq2;[1, -1, 0, -490254, 126853271];[[1,0,28,1],[1418,1507,231,2309],[1,28,0,1],[2056,2519,2233,241],[15,14,2548,2563],[1387,1540,0,1],[251,0,0,2771],[1,2,14,29],[2745,28,2744,29]];2772
1587600.bf1;[0, 0, 0, -1389675, -630547750];[[1,0,28,1],[116,505,875,1031],[629,980,0,1259],[1233,28,1232,29],[1,28,0,1],[386,765,945,1151],[503,0,0,1259],[1,2,14,29],[15,14,1036,1051]];1260
1587600.bf2;[0, 0, 0, -3675, 82250];[[1,0,28,1],[1233,28,1232,29],[15,14,1036,1051],[629,980,0,1259],[503,0,0,1259],[346,5,525,211],[716,505,35,11],[1,2,14,29],[1,28,0,1]];1260
1587600.cq1;[0, 0, 0, -68094075, 216277878250];[[1,0,28,1],[1233,28,1232,29],[874,495,315,109],[116,505,875,1031],[629,980,0,1259],[15,14,1036,1051],[503,0,0,1259],[1,2,14,29],[1,28,0,1]];1260
1587600.cq2;[0, 0, 0, -180075, -28211750];[[1,0,28,1],[629,980,0,1259],[716,5,875,1131],[1,28,0,1],[1233,28,1232,29],[914,755,175,489],[503,0,0,1259],[1,2,14,29],[15,14,1036,1051]];1260
1587600.vj1;[0, 0, 0, -12507075, 17024789250];[[1,0,28,1],[629,980,0,1259],[1233,28,1232,29],[1,28,0,1],[1144,755,385,229],[386,765,945,1151],[503,0,0,1259],[1,2,14,29],[15,14,1036,1051]];1260
1587600.vj2;[0, 0, 0, -33075, -2220750];[[1,0,28,1],[1233,28,1232,29],[544,1255,385,129],[629,980,0,1259],[15,14,1036,1051],[346,505,1085,771],[503,0,0,1259],[1,2,14,29],[1,28,0,1]];1260
1587600.wu1;[0, 0, 0, -612846675, -5839502712750];[[1,0,28,1],[629,980,0,1259],[1233,28,1232,29],[1,28,0,1],[1144,755,385,229],[503,0,0,1259],[874,295,1015,1229],[1,2,14,29],[15,14,1036,1051]];1260
1587600.wu2;[0, 0, 0, -1620675, 761717250];[[1,0,28,1],[1233,28,1232,29],[544,1255,385,129],[629,980,0,1259],[15,14,1036,1051],[914,755,175,489],[503,0,0,1259],[1,2,14,29],[1,28,0,1]];1260
6350400.cq1;[0, 0, 0, -272376300, -1730223026000];[[15,14,2296,2311],[503,0,0,2519],[1,2,14,29],[489,490,980,1469],[279,980,280,979],[1,28,0,1],[1646,2025,2205,1151],[2404,2015,385,1489],[631,1540,0,1],[2493,28,2492,29],[1259,0,0,2519],[1,0,28,1]];2520
6350400.cq2;[0, 0, 0, -720300, 225694000];[[1606,505,1085,2031],[15,14,2296,2311],[503,0,0,2519],[1,2,14,29],[489,490,980,1469],[279,980,280,979],[1,28,0,1],[631,1540,0,1],[716,5,2135,1131],[2493,28,2492,29],[1259,0,0,2519],[1,0,28,1]];2520
6350400.ct1;[0, 0, 0, -2451386700, -46716021702000];[[1889,980,0,2519],[15,14,2296,2311],[503,0,0,2519],[1,2,14,29],[489,490,980,1469],[279,980,280,979],[1,28,0,1],[1646,2025,2205,1151],[116,505,2135,1031],[2493,28,2492,29],[1259,0,0,2519],[1,0,28,1]];2520
6350400.ct2;[0, 0, 0, -6482700, 6093738000];[[1,0,28,1],[15,14,2296,2311],[1889,980,0,2519],[914,2515,1995,2309],[1804,2015,2485,2509],[1,28,0,1],[489,490,980,1469],[1259,0,0,2519],[2493,28,2492,29],[503,0,0,2519],[1,2,14,29],[279,980,280,979]];2520
6350400.ga1;[0, 0, 0, -50028300, 136198314000];[[1889,980,0,2519],[15,14,2296,2311],[503,0,0,2519],[1,2,14,29],[489,490,980,1469],[279,980,280,979],[874,495,315,1369],[1,28,0,1],[116,505,2135,1031],[2493,28,2492,29],[1259,0,0,2519],[1,0,28,1]];2520
6350400.ga2;[0, 0, 0, -132300, -17766000];[[1,0,28,1],[15,14,2296,2311],[1889,980,0,2519],[914,2015,1435,489],[1804,2515,385,1389],[489,490,980,1469],[1,28,0,1],[1259,0,0,2519],[2493,28,2492,29],[503,0,0,2519],[1,2,14,29],[279,980,280,979]];2520
6350400.gh1;[0, 0, 0, -5558700, 5044382000];[[15,14,2296,2311],[503,0,0,2519],[1,2,14,29],[489,490,980,1469],[279,980,280,979],[874,495,315,1369],[1,28,0,1],[2404,2015,385,1489],[631,1540,0,1],[2493,28,2492,29],[1259,0,0,2519],[1,0,28,1]];2520
6350400.gh2;[0, 0, 0, -14700, -658000];[[1,0,28,1],[15,14,2296,2311],[716,5,2135,1131],[914,2015,1435,489],[1,28,0,1],[489,490,980,1469],[1259,0,0,2519],[2493,28,2492,29],[631,1540,0,1],[503,0,0,2519],[1,2,14,29],[279,980,280,979]];2520
6350400.ceb1;[0, 0, 0, -272376300, 1730223026000];[[1889,980,0,2519],[15,14,2296,2311],[503,0,0,2519],[1,2,14,29],[489,490,980,1469],[279,980,280,979],[1,28,0,1],[1646,2025,2205,1151],[2404,2015,385,1489],[2493,28,2492,29],[1259,0,0,2519],[1,0,28,1]];2520
6350400.ceb2;[0, 0, 0, -720300, -225694000];[[1,0,28,1],[15,14,2296,2311],[1889,980,0,2519],[914,2515,1995,2309],[1,28,0,1],[489,490,980,1469],[1259,0,0,2519],[2493,28,2492,29],[503,0,0,2519],[1,2,14,29],[716,505,35,11],[279,980,280,979]];2520
6350400.cec1;[0, 0, 0, -2451386700, 46716021702000];[[15,14,2296,2311],[503,0,0,2519],[1,2,14,29],[489,490,980,1469],[279,980,280,979],[1,28,0,1],[1646,2025,2205,1151],[631,1540,0,1],[116,505,2135,1031],[2493,28,2492,29],[1259,0,0,2519],[1,0,28,1]];2520
6350400.cec2;[0, 0, 0, -6482700, -6093738000];[[1,0,28,1],[15,14,2296,2311],[1606,505,1085,2031],[1804,2515,385,1389],[1,28,0,1],[489,490,980,1469],[1259,0,0,2519],[2493,28,2492,29],[631,1540,0,1],[503,0,0,2519],[1,2,14,29],[279,980,280,979]];2520
6350400.chm1;[0, 0, 0, -50028300, -136198314000];[[15,14,2296,2311],[503,0,0,2519],[1,2,14,29],[489,490,980,1469],[279,980,280,979],[874,495,315,1369],[1,28,0,1],[631,1540,0,1],[116,505,2135,1031],[2493,28,2492,29],[1259,0,0,2519],[1,0,28,1]];2520
6350400.chm2;[0, 0, 0, -132300, 17766000];[[1,0,28,1],[15,14,2296,2311],[914,2015,1435,489],[1804,2515,385,1389],[1,28,0,1],[489,490,980,1469],[1259,0,0,2519],[2493,28,2492,29],[631,1540,0,1],[503,0,0,2519],[1,2,14,29],[279,980,280,979]];2520
6350400.chp1;[0, 0, 0, -5558700, -5044382000];[[1889,980,0,2519],[15,14,2296,2311],[503,0,0,2519],[1,2,14,29],[489,490,980,1469],[279,980,280,979],[874,495,315,1369],[1,28,0,1],[2404,2015,385,1489],[2493,28,2492,29],[1259,0,0,2519],[1,0,28,1]];2520
6350400.chp2;[0, 0, 0, -14700, 658000];[[1,0,28,1],[15,14,2296,2311],[1889,980,0,2519],[716,5,2135,1131],[914,2015,1435,489],[1,28,0,1],[489,490,980,1469],[1259,0,0,2519],[2493,28,2492,29],[503,0,0,2519],[1,2,14,29],[279,980,280,979]];2520
