608.d1;[0, 0, 0, -56, -4848];[[197,10,86,123],[1,0,10,1],[21,10,105,51],[1,10,0,1],[2,7,355,293],[191,352,0,267],[371,10,370,11]];380
608.e1;[0, 0, 0, -56, 4848];[[197,10,86,123],[1,0,10,1],[21,10,105,51],[1,10,0,1],[2,7,355,293],[191,352,0,267],[371,10,370,11]];380
800.b1;[0, -1, 0, -208, 1412];[[21,0,0,21],[31,32,8,39],[1,16,0,9],[31,10,20,31],[31,30,30,11],[21,20,20,21],[31,0,0,31],[9,0,0,9],[1,20,0,1],[31,25,25,6],[9,8,15,23],[33,0,0,33],[31,22,3,9]];40
800.c1;[0, -1, 0, -8, -8];[[21,0,0,21],[1,16,0,9],[31,10,20,31],[31,30,30,11],[21,20,20,21],[31,0,0,31],[9,0,0,9],[1,20,0,1],[31,25,25,6],[9,18,37,31],[9,8,15,23],[33,0,0,33],[9,8,32,1]];40
800.g1;[0, 1, 0, -8, 8];[[21,0,0,21],[31,32,25,17],[1,16,0,9],[31,10,20,31],[31,30,30,11],[21,20,20,21],[31,0,0,31],[9,0,0,9],[1,20,0,1],[31,25,25,6],[9,18,37,31],[33,0,0,33],[9,8,32,1]];40
800.h1;[0, 1, 0, -208, -1412];[[21,0,0,21],[31,32,8,39],[31,32,25,17],[1,16,0,9],[31,10,20,31],[31,30,30,11],[21,20,20,21],[31,0,0,31],[9,0,0,9],[1,20,0,1],[31,25,25,6],[33,0,0,33],[31,22,3,9]];40
1216.h1;[0, 0, 0, -14, -606];[[197,10,86,123],[1,0,10,1],[21,10,105,51],[1,10,0,1],[2,7,355,293],[191,352,0,267],[371,10,370,11]];380
1216.i1;[0, 0, 0, -14, 606];[[197,10,86,123],[1,0,10,1],[21,10,105,51],[1,10,0,1],[2,7,355,293],[191,352,0,267],[371,10,370,11]];380
1444.b1;[0, -1, 0, -2286, 34549];[[149,375,55,34],[361,20,360,21],[77,20,304,1],[3,46,28,303],[1,10,10,101],[191,20,10,201],[17,8,144,269],[1,0,20,1],[1,20,0,1]];380
1444.c1;[0, 1, 0, -6, -7];[[231,5,325,346],[361,20,360,21],[77,20,304,1],[3,46,28,303],[1,10,10,101],[191,20,10,201],[17,8,144,269],[1,0,20,1],[1,20,0,1]];380
1600.g1;[0, -1, 0, -833, -10463];[[21,0,0,21],[31,32,8,39],[31,32,25,17],[1,16,0,9],[31,10,20,31],[31,30,30,11],[21,20,20,21],[31,0,0,31],[9,0,0,9],[1,20,0,1],[31,25,25,6],[9,18,37,31],[33,0,0,33]];40
1600.h1;[0, -1, 0, -33, 97];[[21,0,0,21],[31,32,25,17],[1,16,0,9],[31,10,20,31],[31,30,30,11],[21,20,20,21],[31,0,0,31],[9,0,0,9],[1,20,0,1],[31,25,25,6],[33,0,0,33],[31,22,3,9],[9,8,32,1]];40
1600.r1;[0, 1, 0, -33, -97];[[21,0,0,21],[33,32,24,17],[1,16,0,9],[31,10,20,31],[31,30,30,11],[7,3,6,33],[29,0,0,29],[21,20,20,21],[31,0,0,31],[1,20,0,1],[31,25,25,6],[9,8,15,23],[33,0,0,33]];40
1600.s1;[0, 1, 0, -833, 10463];[[21,0,0,21],[31,32,8,39],[1,16,0,9],[31,10,20,31],[31,30,30,11],[21,20,20,21],[31,0,0,31],[9,0,0,9],[1,20,0,1],[31,25,25,6],[9,18,37,31],[9,8,15,23],[33,0,0,33]];40
2400.l1;[0, -1, 0, -733, -7403];[[1,0,10,1],[37,4,26,33],[1,10,0,1],[51,10,50,11],[6,5,35,56],[2,7,35,33],[37,10,26,3]];60
2400.m1;[0, -1, 0, -18333, 962037];[[1,0,10,1],[37,4,26,33],[1,10,0,1],[51,10,50,11],[41,10,25,51],[2,7,35,33],[37,10,26,3]];60
2400.v1;[0, 1, 0, -733, 7403];[[1,0,10,1],[37,4,26,33],[1,10,0,1],[51,10,50,11],[6,5,35,56],[2,7,35,33],[37,10,26,3]];60
2400.w1;[0, 1, 0, -18333, -962037];[[1,0,10,1],[37,4,26,33],[1,10,0,1],[51,10,50,11],[41,10,25,51],[2,7,35,33],[37,10,26,3]];60
2888.c1;[0, -1, 0, -424, -3223];[[17,8,144,269],[191,20,0,1],[3,46,28,303],[1,20,0,1],[77,20,304,1],[1,10,10,101],[231,5,325,346],[361,20,360,21],[1,0,20,1]];380
2888.e1;[0, 1, 0, -153184, 23025409];[[17,8,144,269],[191,20,0,1],[3,46,28,303],[1,20,0,1],[77,20,304,1],[1,10,10,101],[149,375,55,34],[361,20,360,21],[1,0,20,1]];380
4800.h1;[0, -1, 0, -4583, -117963];[[1,0,10,1],[37,4,26,33],[1,10,0,1],[51,10,50,11],[6,5,35,56],[2,7,35,33],[37,10,26,3]];60
4800.i1;[0, -1, 0, -183, 1017];[[1,0,10,1],[37,4,26,33],[1,10,0,1],[51,10,50,11],[41,10,25,51],[2,7,35,33],[37,10,26,3]];60
4800.cl1;[0, 1, 0, -4583, 117963];[[1,0,10,1],[37,4,26,33],[1,10,0,1],[51,10,50,11],[41,10,25,51],[2,7,35,33],[37,10,26,3]];60
4800.cm1;[0, 1, 0, -183, -1017];[[1,0,10,1],[37,4,26,33],[1,10,0,1],[51,10,50,11],[41,10,25,51],[2,7,35,33],[37,10,26,3]];60
5472.a1;[0, 0, 0, -504, 130896];[[197,10,86,123],[1,0,10,1],[1,10,0,1],[2,7,355,293],[191,352,0,267],[126,5,275,376],[371,10,370,11]];380
5472.d1;[0, 0, 0, -504, -130896];[[197,10,86,123],[1,0,10,1],[21,10,105,51],[1,10,0,1],[2,7,355,293],[191,352,0,267],[371,10,370,11]];380
5776.f1;[0, -1, 0, -6, 7];[[189,360,370,179],[231,5,325,346],[361,20,360,21],[77,20,304,1],[3,46,28,303],[1,10,10,101],[17,8,144,269],[1,0,20,1],[1,20,0,1]];380
5776.h1;[0, -1, 0, -153184, -23025409];[[189,360,0,379],[149,375,55,34],[361,20,360,21],[77,20,304,1],[3,46,28,303],[1,10,10,101],[17,8,144,269],[1,0,20,1],[1,20,0,1]];380
5776.k1;[0, 1, 0, -2286, -34549];[[189,360,370,179],[149,375,55,34],[361,20,360,21],[77,20,304,1],[3,46,28,303],[1,10,10,101],[17,8,144,269],[1,0,20,1],[1,20,0,1]];380
5776.o1;[0, 1, 0, -424, 3223];[[231,5,325,346],[189,360,0,379],[361,20,360,21],[77,20,304,1],[3,46,28,303],[1,10,10,101],[17,8,144,269],[1,0,20,1],[1,20,0,1]];380
6050.j1;[1, -1, 0, -17, 61];[[47,10,61,413],[1,0,10,1],[221,10,225,51],[2,7,415,353],[431,10,430,11],[337,384,306,233],[1,10,0,1],[111,10,0,1]];440
6050.k1;[1, -1, 0, -51992, -9423584];[[1,0,10,1],[202,5,11,28],[6,5,215,436],[2,7,415,353],[431,10,430,11],[337,384,306,233],[1,10,0,1],[111,10,0,1]];440
6050.be1;[1, -1, 1, -430, 7197];[[1,0,10,1],[202,5,11,28],[6,5,215,436],[2,7,415,353],[431,10,430,11],[337,384,306,233],[1,10,0,1],[111,10,0,1]];440
6050.bf1;[1, -1, 1, -2080, -74973];[[47,10,61,413],[1,0,10,1],[221,10,225,51],[2,7,415,353],[431,10,430,11],[337,384,306,233],[1,10,0,1],[111,10,0,1]];440
6897.c1;[0, 1, 1, -7817, -272101];[[3631,10,5615,51],[2,7,6245,6183],[4181,10,2095,51],[6261,10,6260,11],[1,0,10,1],[1,3772,0,5017],[1,10,0,1],[1147,10,2261,6243]];6270
6897.d1;[0, 1, 1, -945897, 358382558];[[1,3772,0,5017],[1,0,10,1],[2,7,6245,6183],[2976,5,655,6266],[5702,5,11,28],[6,5,4175,6266],[6261,10,6260,11],[1,10,0,1]];6270
7200.g1;[0, 0, 0, -6600, -206480];[[1,0,10,1],[37,4,26,33],[1,10,0,1],[51,10,50,11],[41,10,25,51],[2,7,35,33],[37,10,26,3]];60
7200.h1;[0, 0, 0, -165000, 25810000];[[1,0,10,1],[37,4,26,33],[1,10,0,1],[51,10,50,11],[6,5,35,56],[2,7,35,33],[37,10,26,3]];60
7200.k1;[0, 0, 0, -1875, 36250];[[21,0,0,21],[31,32,8,39],[31,32,25,17],[1,16,0,9],[31,10,20,31],[31,30,30,11],[21,20,20,21],[39,0,0,39],[31,0,0,31],[9,0,0,9],[1,20,0,1],[31,25,25,6],[33,0,0,33],[31,22,3,9]];40
7200.o1;[0, 0, 0, -75, -290];[[21,0,0,21],[31,32,25,17],[1,16,0,9],[31,10,20,31],[31,30,30,11],[21,20,20,21],[39,0,0,39],[31,0,0,31],[9,0,0,9],[1,20,0,1],[31,25,25,6],[9,18,37,31],[33,0,0,33],[9,8,32,1]];40
7200.bm1;[0, 0, 0, -75, 290];[[21,0,0,21],[1,16,0,9],[31,10,20,31],[31,30,30,11],[21,20,20,21],[39,0,0,39],[31,0,0,31],[9,0,0,9],[1,20,0,1],[31,25,25,6],[9,18,37,31],[9,8,15,23],[33,0,0,33],[9,8,32,1]];40
7200.bq1;[0, 0, 0, -1875, -36250];[[21,0,0,21],[31,32,8,39],[1,16,0,9],[31,10,20,31],[31,30,30,11],[21,20,20,21],[39,0,0,39],[31,0,0,31],[9,0,0,9],[1,20,0,1],[31,25,25,6],[9,8,15,23],[33,0,0,33],[31,22,3,9]];40
7200.bt1;[0, 0, 0, -6600, 206480];[[1,0,10,1],[37,4,26,33],[1,10,0,1],[51,10,50,11],[41,10,25,51],[2,7,35,33],[37,10,26,3]];60
7200.bu1;[0, 0, 0, -165000, -25810000];[[1,0,10,1],[37,4,26,33],[1,10,0,1],[51,10,50,11],[41,10,25,51],[2,7,35,33],[37,10,26,3]];60
7688.d1;[0, -1, 0, -69512, 6932476];[[311,20,0,1],[1221,20,1220,21],[621,20,10,201],[29,1235,1155,34],[497,20,124,1],[1,10,10,101],[17,8,1004,1129],[3,46,888,803],[1,0,20,1],[1,20,0,1]];1240
7688.e1;[0, -1, 0, -196, 1124];[[3,46,268,183],[601,20,600,21],[17,8,384,509],[497,20,124,1],[296,15,505,61],[1,10,10,101],[1,0,20,1],[311,20,10,201],[1,20,0,1]];620
7688.i1;[0, 1, 0, -72, -256];[[311,20,0,1],[1221,20,1220,21],[1211,5,85,1206],[621,20,10,201],[497,20,124,1],[1,10,10,101],[17,8,1004,1129],[3,46,888,803],[1,0,20,1],[1,20,0,1]];1240
7688.j1;[0, 1, 0, -188676, -31599424];[[3,46,268,183],[601,20,600,21],[17,8,384,509],[497,20,124,1],[324,605,115,559],[1,10,10,101],[1,0,20,1],[311,20,10,201],[1,20,0,1]];620
10082.i1;[1, 1, 1, -10908829, -13872470253];[[2,7,2815,2753],[1327,10,861,2813],[1421,10,1425,51],[711,1572,0,1847],[1,0,10,1],[1,10,0,1],[2831,10,2830,11],[711,10,715,51]];2840
10082.j1;[1, 1, 1, -2164, 37845];[[2,7,2815,2753],[6,5,1415,2836],[711,1572,0,1847],[1,0,10,1],[1,10,0,1],[1426,5,2125,2836],[2002,5,2491,28],[2831,10,2830,11]];2840
10944.ci1;[0, 0, 0, -126, 16362];[[197,10,86,123],[1,0,10,1],[21,10,105,51],[1,10,0,1],[2,7,355,293],[191,352,0,267],[371,10,370,11]];380
10944.cn1;[0, 0, 0, -126, -16362];[[197,10,86,123],[1,0,10,1],[21,10,105,51],[1,10,0,1],[2,7,355,293],[191,352,0,267],[371,10,370,11]];380
11552.m1;[0, 0, 0, -20216, 33252432];[[197,10,86,123],[1,0,10,1],[21,10,105,51],[1,10,0,1],[2,7,355,293],[191,352,0,267],[371,10,370,11]];380
11552.n1;[0, 0, 0, -20216, -33252432];[[197,10,86,123],[1,0,10,1],[1,10,0,1],[2,7,355,293],[191,352,0,267],[126,5,275,376],[371,10,370,11]];380
11808.f1;[0, 0, 0, 2277, 44254];[[2,7,4895,4833],[6,5,2455,4916],[6,5,3275,4916],[1,0,10,1],[3726,5,2635,4916],[1,10,0,1],[4911,10,4910,11],[1231,1732,0,247],[3697,10,2546,123]];4920
11808.g1;[0, 0, 0, 2277, -44254];[[2,7,4895,4833],[3281,10,1645,51],[1,0,10,1],[1,10,0,1],[2461,10,2465,51],[4911,10,4910,11],[1231,1732,0,247],[3697,10,2546,123],[1441,10,2285,51]];4920
11808.i1;[0, 0, 0, 20493, -1194858];[[2,7,4895,4833],[3281,10,1645,51],[1,0,10,1],[1,10,0,1],[2461,10,2465,51],[4911,10,4910,11],[1231,1732,0,247],[3697,10,2546,123],[1441,10,2285,51]];4920
11808.j1;[0, 0, 0, 20493, 1194858];[[2,7,4895,4833],[3281,10,1645,51],[1,0,10,1],[1,10,0,1],[2461,10,2465,51],[4911,10,4910,11],[1231,1732,0,247],[3697,10,2546,123],[1441,10,2285,51]];4920
12996.j1;[0, 0, 0, -20577, -912247];[[1121,20,1120,21],[379,0,0,1139],[149,375,435,794],[571,780,390,961],[3,46,788,303],[1,10,10,101],[17,8,904,1029],[457,780,684,1],[1,0,20,1],[1,20,0,1]];1140
12996.k1;[0, 0, 0, -57, 133];[[1121,20,1120,21],[379,0,0,1139],[3,46,788,303],[571,780,390,961],[1,10,10,101],[17,8,904,1029],[991,765,705,346],[457,780,684,1],[1,0,20,1],[1,20,0,1]];1140
14400.w1;[0, 0, 0, -41250, 3226250];[[1,0,10,1],[37,4,26,33],[1,10,0,1],[51,10,50,11],[41,10,25,51],[2,7,35,33],[37,10,26,3]];60
14400.x1;[0, 0, 0, -1650, -25810];[[1,0,10,1],[37,4,26,33],[1,10,0,1],[51,10,50,11],[6,5,35,56],[2,7,35,33],[37,10,26,3]];60
14400.bd1;[0, 0, 0, -300, -2320];[[21,0,0,21],[31,32,25,17],[1,16,0,9],[31,10,20,31],[31,30,30,11],[21,20,20,21],[39,0,0,39],[31,0,0,31],[9,0,0,9],[1,20,0,1],[31,25,25,6],[33,0,0,33],[31,22,3,9],[9,8,32,1]];40
14400.bu1;[0, 0, 0, -7500, 290000];[[21,0,0,21],[31,32,8,39],[31,32,25,17],[1,16,0,9],[31,10,20,31],[31,30,30,11],[21,20,20,21],[39,0,0,39],[31,0,0,31],[9,0,0,9],[1,20,0,1],[31,25,25,6],[9,18,37,31],[33,0,0,33]];40
14400.dq1;[0, 0, 0, -7500, -290000];[[21,0,0,21],[31,32,8,39],[1,16,0,9],[31,10,20,31],[31,30,30,11],[21,20,20,21],[39,0,0,39],[31,0,0,31],[9,0,0,9],[1,20,0,1],[31,25,25,6],[9,18,37,31],[9,8,15,23],[33,0,0,33]];40
14400.eh1;[0, 0, 0, -300, 2320];[[21,0,0,21],[1,16,0,9],[31,10,20,31],[31,30,30,11],[21,20,20,21],[39,0,0,39],[31,0,0,31],[9,0,0,9],[1,20,0,1],[31,25,25,6],[9,8,15,23],[33,0,0,33],[31,22,3,9],[9,8,32,1]];40
14400.en1;[0, 0, 0, -41250, -3226250];[[1,0,10,1],[37,4,26,33],[1,10,0,1],[51,10,50,11],[6,5,35,56],[2,7,35,33],[37,10,26,3]];60
14400.eo1;[0, 0, 0, -1650, 25810];[[1,0,10,1],[37,4,26,33],[1,10,0,1],[51,10,50,11],[6,5,35,56],[2,7,35,33],[37,10,26,3]];60
14884.d1;[0, 0, 0, -61, -183];[[3,46,868,703],[571,5,765,1186],[611,20,10,201],[1,20,0,1],[17,8,984,1109],[1201,20,1200,21],[1,10,10,101],[977,20,244,1],[1,0,20,1]];1220
14884.e1;[0, 0, 0, -226981, -41537523];[[3,46,868,703],[611,20,10,201],[1,20,0,1],[17,8,984,1109],[649,1215,455,34],[1201,20,1200,21],[1,10,10,101],[977,20,244,1],[1,0,20,1]];1220
15200.e1;[0, 0, 0, -1400, 606000];[[197,10,86,123],[1,0,10,1],[1,10,0,1],[2,7,355,293],[191,352,0,267],[126,5,275,376],[371,10,370,11]];380
15200.j1;[0, 0, 0, -1400, -606000];[[197,10,86,123],[1,0,10,1],[1,10,0,1],[2,7,355,293],[191,352,0,267],[126,5,275,376],[371,10,370,11]];380
15376.i1;[0, -1, 0, -72, 256];[[1221,20,1220,21],[497,20,124,1],[1,20,0,1],[1,10,10,101],[929,1220,0,1239],[17,8,1004,1129],[621,20,10,201],[3,46,888,803],[1,0,20,1],[1211,5,85,1206]];1240
15376.k1;[0, -1, 0, -188676, 31599424];[[497,20,124,1],[601,20,600,21],[1,20,0,1],[3,46,268,183],[1,10,10,101],[324,605,115,559],[309,600,610,419],[1,0,20,1],[17,8,384,509]];620
15376.q1;[0, 1, 0, -69512, -6932476];[[1221,20,1220,21],[621,20,10,201],[929,1220,0,1239],[29,1235,1155,34],[497,20,124,1],[1,10,10,101],[17,8,1004,1129],[3,46,888,803],[1,0,20,1],[1,20,0,1]];1240
15376.s1;[0, 1, 0, -196, -1124];[[497,20,124,1],[601,20,600,21],[296,15,505,61],[1,20,0,1],[3,46,268,183],[1,10,10,101],[309,600,610,419],[1,0,20,1],[17,8,384,509]];620
17298.e1;[1, -1, 0, -27700044, 56120955632];[[1,0,10,1],[2791,3172,0,2047],[1861,10,1865,51],[2791,10,2795,51],[1241,10,2485,51],[3711,10,3710,11],[1447,10,2981,3693],[2,7,3695,3633],[1,10,0,1]];3720
17298.f1;[1, -1, 0, -28824, -1876384];[[2,7,3695,3633],[3711,10,3710,11],[6,5,1855,3716],[1,0,10,1],[1866,5,925,3716],[1,10,0,1],[2791,3172,0,2047],[3602,5,1211,28],[6,5,1235,3716]];3720
17298.q1;[1, -1, 1, -3203, 70563];[[1,0,10,1],[2791,3172,0,2047],[1861,10,1865,51],[2791,10,2795,51],[1241,10,2485,51],[3711,10,3710,11],[1447,10,2981,3693],[2,7,3695,3633],[1,10,0,1]];3720
17298.r1;[1, -1, 1, -3077783, -2077527985];[[2,7,3695,3633],[3711,10,3710,11],[6,5,1855,3716],[1,0,10,1],[1866,5,925,3716],[1,10,0,1],[2791,3172,0,2047],[3602,5,1211,28],[6,5,1235,3716]];3720
20691.j1;[0, 0, 1, -70356, 7276365];[[3631,10,5615,51],[2,7,6245,6183],[4181,10,2095,51],[6261,10,6260,11],[1,0,10,1],[1,3772,0,5017],[1,10,0,1],[1147,10,2261,6243]];6270
20691.k1;[0, 0, 1, -8513076, -9684842148];[[3631,10,5615,51],[2,7,6245,6183],[4181,10,2095,51],[6261,10,6260,11],[1,0,10,1],[1,3772,0,5017],[1,10,0,1],[1147,10,2261,6243]];6270
23104.m1;[0, -1, 0, -1697, 27481];[[399,740,400,739],[743,752,616,491],[741,20,740,21],[757,714,732,457],[683,740,456,759],[569,740,0,759],[17,8,524,649],[1,10,10,101],[379,0,0,759],[1,0,20,1],[3,46,408,683],[1,20,0,1],[529,755,435,414]];760
23104.n1;[0, -1, 0, -612737, 184816009];[[399,740,400,739],[231,5,325,346],[743,752,616,491],[741,20,740,21],[757,714,732,457],[683,740,456,759],[17,8,524,649],[1,10,10,101],[379,0,0,759],[1,0,20,1],[3,46,408,683],[1,20,0,1],[191,20,0,1]];760
23104.s1;[0, -1, 0, -9145, -267247];[[399,740,400,739],[231,5,325,346],[743,752,616,491],[741,20,740,21],[757,714,732,457],[683,740,456,759],[17,8,524,649],[1,10,10,101],[379,0,0,759],[569,740,750,559],[1,0,20,1],[3,46,408,683],[1,20,0,1]];760
23104.t1;[0, -1, 0, -25, -31];[[399,740,400,739],[743,752,616,491],[741,20,740,21],[757,714,732,457],[683,740,456,759],[17,8,524,649],[1,10,10,101],[191,20,10,201],[379,0,0,759],[1,0,20,1],[3,46,408,683],[1,20,0,1],[529,755,435,414]];760
23104.x1;[0, 0, 0, -5054, 4156554];[[197,10,86,123],[1,0,10,1],[21,10,105,51],[1,10,0,1],[2,7,355,293],[191,352,0,267],[371,10,370,11]];380
23104.y1;[0, 0, 0, -5054, -4156554];[[197,10,86,123],[1,0,10,1],[1,10,0,1],[2,7,355,293],[191,352,0,267],[126,5,275,376],[371,10,370,11]];380
23104.bg1;[0, 1, 0, -612737, -184816009];[[399,740,400,739],[231,5,325,346],[743,752,616,491],[741,20,740,21],[757,714,732,457],[683,740,456,759],[569,740,0,759],[17,8,524,649],[1,10,10,101],[379,0,0,759],[1,0,20,1],[3,46,408,683],[1,20,0,1]];760
23104.bh1;[0, 1, 0, -1697, -27481];[[399,740,400,739],[743,752,616,491],[741,20,740,21],[757,714,732,457],[683,740,456,759],[17,8,524,649],[1,10,10,101],[379,0,0,759],[1,0,20,1],[3,46,408,683],[1,20,0,1],[529,755,435,414],[191,20,0,1]];760
23104.bm1;[0, 1, 0, -25, 31];[[399,740,400,739],[743,752,616,491],[741,20,740,21],[757,714,732,457],[683,740,456,759],[17,8,524,649],[1,10,10,101],[379,0,0,759],[569,740,750,559],[1,0,20,1],[3,46,408,683],[1,20,0,1],[529,755,435,414]];760
23104.bn1;[0, 1, 0, -9145, 267247];[[399,740,400,739],[231,5,325,346],[743,752,616,491],[741,20,740,21],[757,714,732,457],[683,740,456,759],[17,8,524,649],[1,10,10,101],[191,20,10,201],[379,0,0,759],[1,0,20,1],[3,46,408,683],[1,20,0,1]];760
23616.bc1;[0, 0, 0, 81972, 9558864];[[2,7,4895,4833],[6,5,2455,4916],[6,5,3275,4916],[1,0,10,1],[3726,5,2635,4916],[1,10,0,1],[4911,10,4910,11],[1231,1732,0,247],[3697,10,2546,123]];4920
23616.bd1;[0, 0, 0, 81972, -9558864];[[2,7,4895,4833],[3281,10,1645,51],[1,0,10,1],[1,10,0,1],[2461,10,2465,51],[4911,10,4910,11],[1231,1732,0,247],[3697,10,2546,123],[1441,10,2285,51]];4920
23616.bo1;[0, 0, 0, 9108, -354032];[[2,7,4895,4833],[6,5,2455,4916],[6,5,3275,4916],[1,0,10,1],[3726,5,2635,4916],[1,10,0,1],[4911,10,4910,11],[1231,1732,0,247],[3697,10,2546,123]];4920
23616.bp1;[0, 0, 0, 9108, 354032];[[2,7,4895,4833],[3281,10,1645,51],[1,0,10,1],[1,10,0,1],[2461,10,2465,51],[4911,10,4910,11],[1231,1732,0,247],[3697,10,2546,123],[1441,10,2285,51]];4920
25773.k1;[0, 1, 1, -248607, -44220148];[[2,7,7785,7723],[1,0,10,1],[6716,5,3515,7806],[2842,5,11,28],[1,10,0,1],[1,1572,0,4687],[7801,10,7800,11]];7810
25773.m1;[0, 1, 1, -30081487, 58736690755];[[2,7,7785,7723],[1,0,10,1],[6716,5,3515,7806],[2842,5,11,28],[1,10,0,1],[1,1572,0,4687],[7801,10,7800,11]];7810
25992.c1;[0, 0, 0, -1378659, -623064701];[[1121,20,1120,21],[379,0,0,1139],[149,375,435,794],[3,46,788,303],[1,10,10,101],[17,8,904,1029],[571,780,0,1],[1,0,20,1],[457,780,684,1],[1,20,0,1]];1140
25992.d1;[0, 0, 0, -3819, 90839];[[1121,20,1120,21],[379,0,0,1139],[3,46,788,303],[1,10,10,101],[17,8,904,1029],[991,765,705,346],[571,780,0,1],[1,0,20,1],[457,780,684,1],[1,20,0,1]];1140
29792.f1;[0, 0, 0, -2744, 1662864];[[197,10,86,123],[1,0,10,1],[21,10,105,51],[1,10,0,1],[2,7,355,293],[191,352,0,267],[371,10,370,11]];380
29792.g1;[0, 0, 0, -2744, -1662864];[[197,10,86,123],[1,0,10,1],[1,10,0,1],[2,7,355,293],[191,352,0,267],[126,5,275,376],[371,10,370,11]];380
30400.u1;[0, 0, 0, -350, 75750];[[197,10,86,123],[1,0,10,1],[1,10,0,1],[2,7,355,293],[191,352,0,267],[126,5,275,376],[371,10,370,11]];380
30400.bh1;[0, 0, 0, -350, -75750];[[197,10,86,123],[1,0,10,1],[21,10,105,51],[1,10,0,1],[2,7,355,293],[191,352,0,267],[371,10,370,11]];380
32864.f1;[0, 0, 0, -2924971, -1925793678];[[20541,10,20545,51],[2,7,41055,40993],[30817,10,20626,123],[41071,10,41070,11],[1,0,10,1],[3161,10,15805,51],[10271,6172,0,18487],[28601,10,19765,51],[1,10,0,1]];41080
32864.g1;[0, 0, 0, -2924971, 1925793678];[[2,7,41055,40993],[6,5,20535,41076],[30817,10,20626,123],[41071,10,41070,11],[1,0,10,1],[7286,5,21315,41076],[10271,6172,0,18487],[18966,5,25275,41076],[1,10,0,1]];41080
35739.i1;[0, 0, 1, -456, 9115];[[1,3772,0,5017],[4181,10,2095,51],[1,0,10,1],[2,7,6245,6183],[6261,10,6260,11],[337,10,6251,6243],[2851,10,1715,51],[1,10,0,1]];6270
35739.j1;[0, 0, 1, -164616, -62521500];[[1,3772,0,5017],[4181,10,2095,51],[1,0,10,1],[2,7,6245,6183],[6261,10,6260,11],[337,10,6251,6243],[2851,10,1715,51],[1,10,0,1]];6270
35739.l1;[0, 0, 1, -4104, -246112];[[1,3772,0,5017],[4181,10,2095,51],[1,0,10,1],[2,7,6245,6183],[6261,10,6260,11],[337,10,6251,6243],[2851,10,1715,51],[1,10,0,1]];6270
35739.m1;[0, 0, 1, -1481544, 1688080493];[[1,3772,0,5017],[1,0,10,1],[992,5,2321,28],[2,7,6245,6183],[6,5,4175,6266],[4566,5,4555,6266],[6261,10,6260,11],[1,10,0,1]];6270
36100.d1;[0, -1, 0, -158, -563];[[17,8,144,269],[3,46,28,303],[1,20,0,1],[191,20,10,201],[1,10,10,101],[231,5,325,346],[361,20,360,21],[1,0,20,1],[303,360,76,379]];380
36100.f1;[0, 1, 0, -57158, 4204313];[[17,8,144,269],[3,46,28,303],[1,20,0,1],[191,20,10,201],[1,10,10,101],[149,375,55,34],[361,20,360,21],[1,0,20,1],[303,360,76,379]];380
39200.o1;[0, -1, 0, -408, -3548];[[21,0,0,21],[31,32,25,17],[1,16,0,9],[31,10,20,31],[31,30,30,11],[21,20,20,21],[39,0,0,39],[31,0,0,31],[9,0,0,9],[1,20,0,1],[31,25,25,6],[9,18,37,31],[33,0,0,33],[9,8,32,1]];40
39200.bb1;[0, -1, 0, -10208, 463912];[[21,0,0,21],[31,32,25,17],[31,32,8,39],[1,16,0,9],[31,10,20,31],[31,30,30,11],[21,20,20,21],[39,0,0,39],[31,0,0,31],[9,0,0,9],[1,20,0,1],[31,25,25,6],[33,0,0,33],[31,22,3,9]];40
39200.bz1;[0, 1, 0, -10208, -463912];[[21,0,0,21],[31,32,8,39],[1,16,0,9],[31,10,20,31],[31,30,30,11],[21,20,20,21],[39,0,0,39],[31,0,0,31],[9,0,0,9],[1,20,0,1],[31,25,25,6],[9,8,15,23],[33,0,0,33],[31,22,3,9]];40
39200.cp1;[0, 1, 0, -408, 3548];[[21,0,0,21],[1,16,0,9],[31,10,20,31],[31,30,30,11],[21,20,20,21],[39,0,0,39],[31,0,0,31],[9,0,0,9],[1,20,0,1],[31,25,25,6],[9,18,37,31],[9,8,15,23],[33,0,0,33],[9,8,32,1]];40
44652.h1;[0, 1, 0, -6885090, -6925728339];[[944,3645,175,3599],[1831,20,0,1],[2197,20,1464,1],[3641,20,3640,21],[17,8,3424,3549],[1,10,10,101],[1,0,20,1],[3,46,3308,1923],[1,20,0,1],[2441,20,2450,201]];3660
44652.i1;[0, 1, 0, -1850, -31119];[[2716,15,3485,61],[1831,20,0,1],[2197,20,1464,1],[3641,20,3640,21],[17,8,3424,3549],[1,10,10,101],[1,0,20,1],[3,46,3308,1923],[1,20,0,1],[2441,20,2450,201]];3660
48400.bp1;[0, 0, 0, -33275, 4831530];[[1,0,10,1],[202,5,11,28],[6,5,215,436],[2,7,415,353],[431,10,430,11],[337,384,306,233],[1,10,0,1],[111,10,0,1]];440
48400.bq1;[0, 0, 0, -6875, -453750];[[47,10,61,413],[1,0,10,1],[221,10,225,51],[2,7,415,353],[431,10,430,11],[337,384,306,233],[1,10,0,1],[111,10,0,1]];440
48400.by1;[0, 0, 0, -831875, 603941250];[[1,0,10,1],[202,5,11,28],[6,5,215,436],[2,7,415,353],[431,10,430,11],[337,384,306,233],[1,10,0,1],[111,10,0,1]];440
48400.bz1;[0, 0, 0, -275, -3630];[[47,10,61,413],[1,0,10,1],[221,10,225,51],[2,7,415,353],[431,10,430,11],[337,384,306,233],[1,10,0,1],[111,10,0,1]];440
51984.g1;[0, 0, 0, -1378659, 623064701];[[1121,20,1120,21],[569,360,0,1139],[379,0,0,1139],[149,375,435,794],[3,46,788,303],[1,10,10,101],[17,8,904,1029],[457,780,684,1],[1,0,20,1],[1,20,0,1]];1140
51984.h1;[0, 0, 0, -3819, -90839];[[1121,20,1120,21],[569,360,0,1139],[379,0,0,1139],[3,46,788,303],[1,10,10,101],[17,8,904,1029],[991,765,705,346],[457,780,684,1],[1,0,20,1],[1,20,0,1]];1140
51984.bx1;[0, 0, 0, -20577, 912247];[[569,360,750,179],[1,0,20,1],[457,780,684,1],[1,20,0,1],[17,8,904,1029],[379,0,0,1139],[1121,20,1120,21],[149,375,435,794],[3,46,788,303],[1,10,10,101]];1140
51984.by1;[0, 0, 0, -57, -133];[[1121,20,1120,21],[379,0,0,1139],[3,46,788,303],[1,10,10,101],[17,8,904,1029],[991,765,705,346],[457,780,684,1],[1,0,20,1],[569,360,750,179],[1,20,0,1]];1140
52345.b1;[0, 0, 1, -10713758, 15167963449];[[5501,10,5500,11],[1,1112,5,3357],[1,0,10,1],[2617,10,5491,5483],[1,10,0,1],[2,7,5485,5423],[3801,10,2475,51]];5510
52345.c1;[0, 0, 1, -29678, -2211396];[[5501,10,5500,11],[1,1112,5,3357],[1,0,10,1],[2617,10,5491,5483],[1,10,0,1],[2,7,5485,5423],[3801,10,2475,51]];5510
54450.cq1;[1, -1, 0, -3867, -190459];[[47,10,61,413],[1,0,10,1],[221,10,225,51],[2,7,415,353],[431,10,430,11],[337,384,306,233],[1,10,0,1],[111,10,0,1]];440
54450.cr1;[1, -1, 0, -18717, 2042981];[[1,0,10,1],[202,5,11,28],[6,5,215,436],[2,7,415,353],[431,10,430,11],[337,384,306,233],[1,10,0,1],[111,10,0,1]];440
54450.eu1;[1, -1, 1, -155, -1493];[[1,0,10,1],[202,5,11,28],[6,5,215,436],[2,7,415,353],[431,10,430,11],[337,384,306,233],[1,10,0,1],[111,10,0,1]];440
54450.ev1;[1, -1, 1, -467930, 254904697];[[1,0,10,1],[202,5,11,28],[6,5,215,436],[2,7,415,353],[431,10,430,11],[337,384,306,233],[1,10,0,1],[111,10,0,1]];440
55738.f1;[1, -1, 0, -44138, -3349132];[[8991,16192,0,12587],[17971,10,17970,11],[1,0,10,1],[6,5,8985,17976],[1742,5,591,28],[11786,5,11155,17976],[1,10,0,1],[2,7,17955,17893]];17980
55738.g1;[1, -1, 0, -42416798, 100113325332];[[8991,16192,0,12587],[8991,10,8995,51],[17971,10,17970,11],[1,0,10,1],[4961,10,6825,51],[15087,10,10421,17953],[1,10,0,1],[2,7,17955,17893]];17980
59040.a1;[0, 0, 0, -1709883, 865485918];[[2,7,4895,4833],[1231,1732,1235,3987],[3281,10,1645,51],[1,0,10,1],[1,10,0,1],[2461,10,2465,51],[4911,10,4910,11],[3697,10,2546,123],[1441,10,2285,51]];4920
59040.x1;[0, 0, 0, -1709883, -865485918];[[2466,1727,3685,2702],[2,7,4895,4833],[6,5,2455,4916],[6,5,3275,4916],[1,0,10,1],[3726,5,2635,4916],[1,10,0,1],[4911,10,4910,11],[3697,10,2546,123]];4920
59040.y1;[0, 0, 0, -189987, -32055034];[[2466,1727,3685,2702],[2,7,4895,4833],[6,5,2455,4916],[6,5,3275,4916],[1,0,10,1],[3726,5,2635,4916],[1,10,0,1],[4911,10,4910,11],[3697,10,2546,123]];4920
59040.cb1;[0, 0, 0, -189987, 32055034];[[2466,1727,3685,2702],[2,7,4895,4833],[6,5,2455,4916],[6,5,3275,4916],[1,0,10,1],[3726,5,2635,4916],[1,10,0,1],[4911,10,4910,11],[3697,10,2546,123]];4920
59536.d1;[0, 0, 0, -226981, 41537523];[[3,46,868,703],[1,20,0,1],[17,8,984,1109],[649,1215,455,34],[1201,20,1200,21],[1,10,10,101],[609,1200,1210,1019],[977,20,244,1],[1,0,20,1]];1220
59536.e1;[0, 0, 0, -61, 183];[[3,46,868,703],[571,5,765,1186],[1,20,0,1],[17,8,984,1109],[1201,20,1200,21],[1,10,10,101],[609,1200,1210,1019],[977,20,244,1],[1,0,20,1]];1220
59584.bw1;[0, 0, 0, -686, -207858];[[197,10,86,123],[1,0,10,1],[21,10,105,51],[1,10,0,1],[2,7,355,293],[191,352,0,267],[371,10,370,11]];380
59584.cc1;[0, 0, 0, -686, 207858];[[197,10,86,123],[1,0,10,1],[21,10,105,51],[1,10,0,1],[2,7,355,293],[191,352,0,267],[371,10,370,11]];380
61504.t1;[0, -1, 0, -754705, -252040687];[[1,0,20,1],[3,46,888,803],[311,20,10,201],[1,20,0,1],[1221,20,1220,21],[1237,1194,972,1057],[619,0,0,1239],[1223,1232,856,731],[944,1225,735,1179],[17,8,1004,1129],[639,1220,640,1219],[497,20,124,1],[1,10,10,101]];1240
61504.u1;[0, -1, 0, -785, -8207];[[1,0,20,1],[3,46,888,803],[1,20,0,1],[1221,20,1220,21],[1237,1194,972,1057],[619,0,0,1239],[1223,1232,856,731],[929,1220,1230,1039],[17,8,1004,1129],[639,1220,640,1219],[497,20,124,1],[1,10,10,101],[296,15,505,61]];1240
61504.v1;[0, -1, 0, -278049, -55181759];[[3,46,268,183],[601,20,600,21],[17,8,384,509],[497,20,124,1],[309,600,0,619],[619,600,610,419],[29,615,535,34],[1,10,10,101],[1,0,20,1],[1,20,0,1]];620
61504.y1;[0, -1, 0, -289, -1759];[[497,20,124,1],[601,20,600,21],[1,20,0,1],[3,46,268,183],[1,10,10,101],[311,20,0,1],[591,5,85,586],[1,0,20,1],[17,8,384,509],[619,600,610,419]];620
61504.bo1;[0, 1, 0, -785, 8207];[[1,0,20,1],[3,46,888,803],[311,20,10,201],[1,20,0,1],[1221,20,1220,21],[1237,1194,972,1057],[619,0,0,1239],[1223,1232,856,731],[17,8,1004,1129],[639,1220,640,1219],[497,20,124,1],[1,10,10,101],[296,15,505,61]];1240
61504.bp1;[0, 1, 0, -754705, 252040687];[[1,0,20,1],[3,46,888,803],[1,20,0,1],[1221,20,1220,21],[1237,1194,972,1057],[619,0,0,1239],[1223,1232,856,731],[929,1220,1230,1039],[17,8,1004,1129],[944,1225,735,1179],[639,1220,640,1219],[497,20,124,1],[1,10,10,101]];1240
61504.bq1;[0, 1, 0, -289, 1759];[[3,46,268,183],[601,20,600,21],[591,5,85,586],[17,8,384,509],[497,20,124,1],[309,600,0,619],[619,600,610,419],[1,10,10,101],[1,0,20,1],[1,20,0,1]];620
61504.bt1;[0, 1, 0, -278049, 55181759];[[311,20,0,1],[3,46,268,183],[601,20,600,21],[17,8,384,509],[497,20,124,1],[619,600,610,419],[29,615,535,34],[1,10,10,101],[1,0,20,1],[1,20,0,1]];620
65728.j1;[0, 0, 0, -11699884, -15406349424];[[20541,10,20545,51],[2,7,41055,40993],[30817,10,20626,123],[41071,10,41070,11],[1,0,10,1],[3161,10,15805,51],[10271,6172,0,18487],[28601,10,19765,51],[1,10,0,1]];41080
65728.m1;[0, 0, 0, -11699884, 15406349424];[[2,7,41055,40993],[6,5,20535,41076],[30817,10,20626,123],[41071,10,41070,11],[1,0,10,1],[7286,5,21315,41076],[10271,6172,0,18487],[18966,5,25275,41076],[1,10,0,1]];41080
69192.z1;[0, 0, 0, -1767, -28582];[[1841,20,1840,21],[916,15,1125,61],[1,20,0,1],[931,1260,630,1441],[1,10,10,101],[3,46,1508,183],[619,0,0,1859],[17,8,1624,1749],[1,0,20,1],[1117,1260,744,1]];1860
69192.ba1;[0, 0, 0, -1698087, 851486362];[[1841,20,1840,21],[944,1845,735,1799],[931,1260,630,1441],[1,20,0,1],[1,10,10,101],[3,46,1508,183],[619,0,0,1859],[17,8,1624,1749],[1,0,20,1],[1117,1260,744,1]];1860
69192.bl1;[0, 0, 0, -625611, -186551242];[[2977,1260,2604,1],[2479,0,0,3719],[17,8,3484,3609],[2791,1260,0,1],[29,2475,1155,1274],[3701,20,3700,21],[3,46,3368,2043],[1861,1260,2490,1441],[1,10,10,101],[1,0,20,1],[1,20,0,1]];3720
69192.bm1;[0, 0, 0, -651, 6262];[[2977,1260,2604,1],[2479,0,0,3719],[17,8,3484,3609],[2791,1260,0,1],[3701,20,3700,21],[3,46,3368,2043],[1861,1260,2490,1441],[1,10,10,101],[3691,1245,2565,2446],[1,0,20,1],[1,20,0,1]];3720
70756.a1;[0, -1, 0, -310, 1793];[[1751,385,1085,2626],[2279,0,0,2659],[17,8,2424,2549],[3,46,2308,2583],[1597,1540,1064,1],[2641,20,2640,21],[1331,1540,770,2101],[1,10,10,101],[1,0,20,1],[1,20,0,1]];2660
70756.f1;[0, 1, 0, -112030, -11626259];[[909,2275,1575,34],[2279,0,0,2659],[17,8,2424,2549],[3,46,2308,2583],[1597,1540,1064,1],[2641,20,2640,21],[1331,1540,770,2101],[1,10,10,101],[1,0,20,1],[1,20,0,1]];2660
72075.o1;[0, -1, 1, -1033, 13113];[[517,10,191,903],[311,10,625,51],[921,10,920,11],[1,0,10,1],[1,10,0,1],[2,7,905,843],[7,754,86,123]];930
72075.q1;[0, -1, 1, -24825833, -47541298432];[[921,10,920,11],[1,0,10,1],[1,10,0,1],[2,7,905,843],[7,754,86,123],[812,5,281,28],[6,5,305,926]];930
72075.w1;[0, 1, 1, -25833, 1587494];[[517,10,191,903],[311,10,625,51],[921,10,920,11],[1,0,10,1],[1,10,0,1],[2,7,905,843],[7,754,86,123]];930
72075.y1;[0, 1, 1, -993033, -380727601];[[921,10,920,11],[1,0,10,1],[1,10,0,1],[2,7,905,843],[7,754,86,123],[812,5,281,28],[6,5,305,926]];930
72200.l1;[0, -1, 0, -3829608, 2885835337];[[17,8,144,269],[191,20,0,1],[3,46,28,303],[1,20,0,1],[1,10,10,101],[149,375,55,34],[361,20,360,21],[1,0,20,1],[303,360,76,379]];380
72200.w1;[0, 1, 0, -10608, -424087];[[17,8,144,269],[191,20,0,1],[3,46,28,303],[1,20,0,1],[1,10,10,101],[231,5,325,346],[361,20,360,21],[1,0,20,1],[303,360,76,379]];380
73568.m1;[0, 0, 0, -6776, -6452688];[[197,10,86,123],[1,0,10,1],[21,10,105,51],[1,10,0,1],[2,7,355,293],[191,352,0,267],[371,10,370,11]];380
73568.n1;[0, 0, 0, -6776, 6452688];[[197,10,86,123],[1,0,10,1],[1,10,0,1],[2,7,355,293],[191,352,0,267],[126,5,275,376],[371,10,370,11]];380
74849.c1;[0, 0, 1, -29986, -1918111];[[1,5172,0,15487],[2,7,25785,25723],[25801,10,25800,11],[1,0,10,1],[1,10,0,1],[17981,10,12475,51],[22257,10,13331,25783]];25810
74849.d1;[0, 0, 1, -25218226, -46780803082];[[1,5172,0,15487],[2,7,25785,25723],[25801,10,25800,11],[1,0,10,1],[1,10,0,1],[17981,10,12475,51],[22257,10,13331,25783]];25810
77319.r1;[0, 0, 1, -2237466, 1191706524];[[2,7,7785,7723],[2137,10,4241,7783],[1,0,10,1],[1,10,0,1],[1,1572,0,4687],[7801,10,7800,11],[2421,10,4295,51]];7810
77319.t1;[0, 0, 1, -270733386, -1586161383777];[[2,7,7785,7723],[1,0,10,1],[6716,5,3515,7806],[2842,5,11,28],[1,10,0,1],[1,1572,0,4687],[7801,10,7800,11]];7810
78400.cv1;[0, -1, 0, -1633, 30017];[[21,0,0,21],[1,16,0,9],[31,10,20,31],[31,30,30,11],[21,20,20,21],[39,0,0,39],[31,0,0,31],[9,0,0,9],[1,20,0,1],[31,25,25,6],[9,8,15,23],[33,0,0,33],[31,22,3,9],[9,8,32,1]];40
78400.ep1;[0, -1, 0, -40833, -3670463];[[21,0,0,21],[31,32,8,39],[1,16,0,9],[31,10,20,31],[31,30,30,11],[21,20,20,21],[39,0,0,39],[31,0,0,31],[9,0,0,9],[1,20,0,1],[31,25,25,6],[9,18,37,31],[9,8,15,23],[33,0,0,33]];40
78400.hc1;[0, 1, 0, -40833, 3670463];[[21,0,0,21],[31,32,25,17],[31,32,8,39],[1,16,0,9],[31,10,20,31],[31,30,30,11],[21,20,20,21],[39,0,0,39],[31,0,0,31],[9,0,0,9],[1,20,0,1],[31,25,25,6],[9,18,37,31],[33,0,0,33]];40
78400.is1;[0, 1, 0, -1633, -30017];[[21,0,0,21],[31,32,25,17],[1,16,0,9],[31,10,20,31],[31,30,30,11],[21,20,20,21],[39,0,0,39],[31,0,0,31],[9,0,0,9],[1,20,0,1],[31,25,25,6],[33,0,0,33],[31,22,3,9],[9,8,32,1]];40
80656.j1;[0, 1, 0, -34624, -2491340];[[2,7,2815,2753],[1327,10,861,2813],[1421,10,1425,51],[711,1572,0,1847],[1,0,10,1],[1,10,0,1],[2831,10,2830,11],[711,10,715,51]];2840
80656.l1;[0, 1, 0, -174541264, 887489013652];[[2,7,2815,2753],[1327,10,861,2813],[1421,10,1425,51],[711,1572,0,1847],[1,0,10,1],[1,10,0,1],[2831,10,2830,11],[711,10,715,51]];2840
84960.g1;[0, 0, 0, -198168, -24103408];[[2,7,3515,3453],[1777,10,86,123],[1,0,10,1],[1181,10,2365,51],[1771,1072,1775,1467],[3531,10,3530,11],[61,10,305,51],[1,10,0,1]];3540
84960.j1;[0, 0, 0, -198168, 24103408];[[2,7,3515,3453],[1777,10,86,123],[1,0,10,1],[1181,10,2365,51],[1771,1072,1775,1467],[3531,10,3530,11],[61,10,305,51],[1,10,0,1]];3540
84960.bb1;[0, 0, 0, -1783512, -650792016];[[6,1067,1765,3182],[2,7,3515,3453],[1777,10,86,123],[6,5,1175,3536],[1,0,10,1],[3531,10,3530,11],[366,5,3235,3536],[1,10,0,1]];3540
84960.bg1;[0, 0, 0, -1783512, 650792016];[[2,7,3515,3453],[1777,10,86,123],[1,0,10,1],[1181,10,2365,51],[1771,1072,1775,1467],[3531,10,3530,11],[61,10,305,51],[1,10,0,1]];3540
87725.m1;[0, -1, 1, 150847, -116178492];[[1742,5,11,28],[1,0,10,1],[1,10,0,1],[3181,10,3180,11],[2,7,3165,3103],[3086,5,2745,3186],[6,2557,3185,1272]];3190
87725.n1;[0, -1, 1, 1247, 86833];[[2907,10,2591,3163],[1,0,10,1],[2,7,3165,3103],[3181,10,3180,11],[1,2562,5,1327],[1,10,0,1],[2641,10,445,51]];3190
87725.o1;[0, 1, 1, 31167, 10916494];[[1742,5,11,28],[1,0,10,1],[1,10,0,1],[3181,10,3180,11],[2,7,3165,3103],[3086,5,2745,3186],[6,2557,3185,1272]];3190
87725.p1;[0, 1, 1, 3771167, -14514769131];[[2907,10,2591,3163],[1,0,10,1],[2,7,3165,3103],[3181,10,3180,11],[1,2562,5,1327],[1,10,0,1],[2641,10,445,51]];3190
90738.m1;[1, -1, 0, -98179461, 374458517365];[[2,7,2815,2753],[6,5,1415,2836],[711,1572,0,1847],[1,0,10,1],[1,10,0,1],[1426,5,2125,2836],[2002,5,2491,28],[2831,10,2830,11]];2840
90738.p1;[1, -1, 0, -19476, -1041296];[[2,7,2815,2753],[6,5,1415,2836],[711,1572,0,1847],[1,0,10,1],[1,10,0,1],[1426,5,2125,2836],[2002,5,2491,28],[2831,10,2830,11]];2840
96800.t1;[0, -1, 0, -25208, -1778588];[[21,0,0,21],[31,32,8,39],[1,16,0,9],[31,10,20,31],[31,30,30,11],[21,20,20,21],[39,0,0,39],[31,0,0,31],[9,0,0,9],[1,20,0,1],[31,25,25,6],[9,8,15,23],[33,0,0,33],[31,22,3,9]];40
96800.u1;[0, -1, 0, -1008, 14632];[[21,0,0,21],[1,16,0,9],[31,10,20,31],[31,30,30,11],[21,20,20,21],[39,0,0,39],[31,0,0,31],[9,0,0,9],[1,20,0,1],[31,25,25,6],[9,18,37,31],[9,8,15,23],[33,0,0,33],[9,8,32,1]];40
96800.bu1;[0, 1, 0, -25208, 1778588];[[21,0,0,21],[31,32,25,17],[31,32,8,39],[1,16,0,9],[31,10,20,31],[31,30,30,11],[21,20,20,21],[39,0,0,39],[31,0,0,31],[9,0,0,9],[1,20,0,1],[31,25,25,6],[33,0,0,33],[31,22,3,9]];40
96800.bv1;[0, 1, 0, -1008, -14632];[[21,0,0,21],[31,32,25,17],[1,16,0,9],[31,10,20,31],[31,30,30,11],[21,20,20,21],[39,0,0,39],[31,0,0,31],[9,0,0,9],[1,20,0,1],[31,25,25,6],[9,18,37,31],[33,0,0,33],[9,8,32,1]];40
102752.g1;[0, 0, 0, -9464, 10651056];[[197,10,86,123],[1,0,10,1],[21,10,105,51],[1,10,0,1],[2,7,355,293],[191,352,0,267],[371,10,370,11]];380
102752.h1;[0, 0, 0, -9464, -10651056];[[197,10,86,123],[1,0,10,1],[21,10,105,51],[1,10,0,1],[2,7,355,293],[191,352,0,267],[371,10,370,11]];380
103968.h1;[0, 0, 0, -181944, -897815664];[[197,10,86,123],[1,0,10,1],[21,10,105,51],[1,10,0,1],[2,7,355,293],[191,352,0,267],[371,10,370,11]];380
103968.o1;[0, 0, 0, -181944, 897815664];[[197,10,86,123],[1,0,10,1],[1,10,0,1],[2,7,355,293],[191,352,0,267],[126,5,275,376],[371,10,370,11]];380
106400.l1;[0, -1, 0, -463958, -111143588];[[1,0,10,1],[381,10,1905,51],[1541,10,2385,51],[2651,10,2650,11],[1337,2404,86,1453],[1337,10,86,123],[2,7,2635,2573],[1,10,0,1]];2660
106400.n1;[0, -1, 0, -18558, 896572];[[1,0,10,1],[1266,5,275,2656],[2651,10,2650,11],[2286,5,755,2656],[1337,2404,86,1453],[1337,10,86,123],[2,7,2635,2573],[1,10,0,1]];2660
106400.cf1;[0, 1, 0, -18558, -896572];[[1,0,10,1],[1266,5,275,2656],[2651,10,2650,11],[2286,5,755,2656],[1337,2404,86,1453],[1337,10,86,123],[2,7,2635,2573],[1,10,0,1]];2660
106400.cj1;[0, 1, 0, -463958, 111143588];[[1,0,10,1],[1266,5,275,2656],[2651,10,2650,11],[2286,5,755,2656],[1337,2404,86,1453],[1337,10,86,123],[2,7,2635,2573],[1,10,0,1]];2660
110352.ba1;[0, -1, 0, -125077, 17289373];[[1,3772,0,5017],[1,0,10,1],[2,7,6245,6183],[2976,5,655,6266],[5702,5,11,28],[6,5,4175,6266],[6261,10,6260,11],[1,10,0,1]];6270
110352.bc1;[0, -1, 0, -15134357, -22951618083];[[3631,10,5615,51],[2,7,6245,6183],[4181,10,2095,51],[6261,10,6260,11],[1,0,10,1],[1,3772,0,5017],[1,10,0,1],[1147,10,2261,6243]];6270
114950.z1;[1, -1, 0, 47833, 103891101];[[6271,10,6275,51],[5721,10,3525,51],[2097,1264,4266,6393],[5327,10,2261,8333],[1,0,10,1],[2,7,8335,8273],[8351,10,8350,11],[1,10,0,1],[4181,10,4185,51]];8360
114950.ba1;[1, -1, 0, 9883, -9760459];[[2097,1264,4266,6393],[886,5,4835,8356],[1522,5,11,28],[1,0,10,1],[2,7,8335,8273],[8351,10,8350,11],[4186,5,2085,8356],[6,5,4175,8356],[1,10,0,1]];8360
114950.cj1;[1, -1, 1, 1195820, 12987583447];[[6271,10,6275,51],[5721,10,3525,51],[2097,1264,4266,6393],[5327,10,2261,8333],[1,0,10,1],[2,7,8335,8273],[8351,10,8350,11],[1,10,0,1],[4181,10,4185,51]];8360
114950.ck1;[1, -1, 1, 395, -78163];[[2097,1264,4266,6393],[886,5,4835,8356],[1522,5,11,28],[1,0,10,1],[2,7,8335,8273],[8351,10,8350,11],[4186,5,2085,8356],[6,5,4175,8356],[1,10,0,1]];8360
117600.bu1;[0, -1, 0, -898333, 328182037];[[1,0,10,1],[37,4,26,33],[1,10,0,1],[51,10,50,11],[6,5,35,56],[2,7,35,33],[37,10,26,3]];60
117600.ci1;[0, -1, 0, -35933, -2611083];[[1,0,10,1],[37,4,26,33],[1,10,0,1],[51,10,50,11],[41,10,25,51],[2,7,35,33],[37,10,26,3]];60
117600.fz1;[0, 1, 0, -898333, -328182037];[[1,0,10,1],[37,4,26,33],[1,10,0,1],[51,10,50,11],[6,5,35,56],[2,7,35,33],[37,10,26,3]];60
117600.gn1;[0, 1, 0, -35933, 2611083];[[1,0,10,1],[37,4,26,33],[1,10,0,1],[51,10,50,11],[6,5,35,56],[2,7,35,33],[37,10,26,3]];60
118080.a1;[0, 0, 0, -759948, -256440272];[[2,7,4895,4833],[1231,1732,1235,3987],[3281,10,1645,51],[1,0,10,1],[1,10,0,1],[2461,10,2465,51],[4911,10,4910,11],[3697,10,2546,123],[1441,10,2285,51]];4920
118080.cz1;[0, 0, 0, -759948, 256440272];[[2466,1727,3685,2702],[2,7,4895,4833],[6,5,2455,4916],[6,5,3275,4916],[1,0,10,1],[3726,5,2635,4916],[1,10,0,1],[4911,10,4910,11],[3697,10,2546,123]];4920
118080.db1;[0, 0, 0, -6839532, 6923887344];[[2466,1727,3685,2702],[2,7,4895,4833],[6,5,2455,4916],[6,5,3275,4916],[1,0,10,1],[3726,5,2635,4916],[1,10,0,1],[4911,10,4910,11],[3697,10,2546,123]];4920
118080.gm1;[0, 0, 0, -6839532, -6923887344];[[2,7,4895,4833],[1231,1732,1235,3987],[3281,10,1645,51],[1,0,10,1],[1,10,0,1],[2461,10,2465,51],[4911,10,4910,11],[3697,10,2546,123],[1441,10,2285,51]];4920
126687.b1;[0, 1, 1, -203970917, 1121074849208];[[115161,10,115160,11],[104702,5,11,28],[6,5,76775,115166],[1,69112,0,92137],[1,0,10,1],[2,7,115145,115083],[1,10,0,1],[54456,5,12205,115166]];115170
126687.c1;[0, 1, 1, -24680480997, -1492249346220121];[[115161,10,115160,11],[1,0,10,1],[66661,10,102965,51],[2,7,115145,115083],[76781,10,38395,51],[20947,10,41861,115143],[1,69112,0,92137],[1,10,0,1]];115170
131043.o1;[0, -1, 1, -341468937, -2460194780407];[[3631,10,5615,51],[2,7,6245,6183],[4181,10,2095,51],[6261,10,6260,11],[1,0,10,1],[1,3772,0,5017],[1,10,0,1],[1147,10,2261,6243]];6270
131043.p1;[0, -1, 1, -2822057, 1849406954];[[3631,10,5615,51],[2,7,6245,6183],[4181,10,2095,51],[6261,10,6260,11],[1,0,10,1],[1,3772,0,5017],[1,10,0,1],[1147,10,2261,6243]];6270
133956.a1;[0, 0, 0, -549, 4941];[[2197,2460,1464,1],[1831,2460,1230,2641],[571,2445,765,1186],[1219,0,0,3659],[3641,20,3640,21],[17,8,3424,3549],[1,10,10,101],[1,0,20,1],[3,46,3308,1923],[1,20,0,1]];3660
133956.b1;[0, 0, 0, -2042829, 1121513121];[[2197,2460,1464,1],[1831,2460,1230,2641],[3089,1215,2895,2474],[1219,0,0,3659],[3641,20,3640,21],[17,8,3424,3549],[1,10,10,101],[1,0,20,1],[3,46,3308,1923],[1,20,0,1]];3660
133956.d1;[0, 0, 0, -61965813, 186932699341];[[3,46,868,703],[944,1205,175,1159],[1219,1200,1210,1019],[1,20,0,1],[17,8,984,1109],[1201,20,1200,21],[1,10,10,101],[977,20,244,1],[1,0,20,1],[611,20,0,1]];1220
133956.g1;[0, 0, 0, -16653, 823561];[[3,46,868,703],[1219,1200,1210,1019],[276,15,1045,61],[1,20,0,1],[17,8,984,1109],[1201,20,1200,21],[1,10,10,101],[977,20,244,1],[1,0,20,1],[611,20,0,1]];1220
135200.s1;[0, -1, 0, -1408, -23128];[[21,0,0,21],[33,37,34,7],[33,32,24,17],[1,16,0,9],[31,10,20,31],[31,30,30,11],[21,20,20,21],[29,0,0,29],[39,0,0,39],[31,0,0,31],[1,20,0,1],[31,25,25,6],[9,8,15,23],[33,0,0,33]];40
135200.x1;[0, -1, 0, -35208, 2961412];[[31,10,20,31],[1,20,0,1],[1,16,0,9],[31,30,30,11],[29,0,0,29],[9,8,15,23],[33,0,0,33],[39,0,0,39],[21,20,20,21],[21,0,0,21],[31,25,25,6],[31,0,0,31],[7,8,16,23],[7,3,6,33]];40
135200.cp1;[0, 1, 0, -35208, -2961412];[[21,0,0,21],[31,32,8,39],[31,32,25,17],[1,16,0,9],[31,10,20,31],[31,30,30,11],[21,20,20,21],[39,0,0,39],[31,0,0,31],[9,0,0,9],[1,20,0,1],[31,25,25,6],[33,0,0,33],[31,22,3,9]];40
135200.cu1;[0, 1, 0, -1408, 23128];[[31,10,20,31],[1,20,0,1],[33,37,34,7],[31,30,30,11],[1,16,0,9],[29,0,0,29],[31,32,25,17],[33,0,0,33],[39,0,0,39],[21,20,20,21],[21,0,0,21],[31,25,25,6],[33,32,24,17],[31,0,0,31]];40
136800.a1;[0, 0, 0, -12600, -16362000];[[197,10,86,123],[1,0,10,1],[1,10,0,1],[2,7,355,293],[191,352,0,267],[126,5,275,376],[371,10,370,11]];380
136800.dj1;[0, 0, 0, -12600, 16362000];[[197,10,86,123],[1,0,10,1],[1,10,0,1],[2,7,355,293],[191,352,0,267],[126,5,275,376],[371,10,370,11]];380
138384.ba1;[0, 0, 0, -49244523, 133011035546];[[2,7,3695,3633],[3711,10,3710,11],[6,5,1855,3716],[1,0,10,1],[1866,5,925,3716],[1,10,0,1],[2791,3172,0,2047],[3602,5,1211,28],[6,5,1235,3716]];3720
138384.bd1;[0, 0, 0, -51243, -4464806];[[1,0,10,1],[2791,3172,0,2047],[1861,10,1865,51],[2791,10,2795,51],[1241,10,2485,51],[3711,10,3710,11],[1447,10,2981,3693],[2,7,3695,3633],[1,10,0,1]];3720
138384.bv1;[0, 0, 0, -461187, 120549762];[[1,0,10,1],[2791,3172,0,2047],[1861,10,1865,51],[2791,10,2795,51],[1241,10,2485,51],[3711,10,3710,11],[1447,10,2981,3693],[2,7,3695,3633],[1,10,0,1]];3720
138384.bz1;[0, 0, 0, -443200707, -3591297959742];[[1,0,10,1],[2791,3172,0,2047],[1861,10,1865,51],[2791,10,2795,51],[1241,10,2485,51],[3711,10,3710,11],[1447,10,2981,3693],[2,7,3695,3633],[1,10,0,1]];3720
138384.cd1;[0, 0, 0, -1698087, -851486362];[[1841,20,1840,21],[944,1845,735,1799],[1,20,0,1],[929,600,1230,419],[1,10,10,101],[3,46,1508,183],[619,0,0,1859],[17,8,1624,1749],[1,0,20,1],[1117,1260,744,1]];1860
138384.ce1;[0, 0, 0, -1767, 28582];[[1841,20,1840,21],[916,15,1125,61],[1,20,0,1],[929,600,1230,419],[1,10,10,101],[3,46,1508,183],[619,0,0,1859],[17,8,1624,1749],[1,0,20,1],[1117,1260,744,1]];1860
138384.cq1;[0, 0, 0, -651, -6262];[[2977,1260,2604,1],[2479,0,0,3719],[17,8,3484,3609],[3701,20,3700,21],[929,2460,0,3719],[3,46,3368,2043],[1861,1260,2490,1441],[1,10,10,101],[3691,1245,2565,2446],[1,0,20,1],[1,20,0,1]];3720
138384.cr1;[0, 0, 0, -625611, 186551242];[[2977,1260,2604,1],[2479,0,0,3719],[17,8,3484,3609],[29,2475,1155,1274],[3701,20,3700,21],[929,2460,0,3719],[3,46,3368,2043],[1861,1260,2490,1441],[1,10,10,101],[1,0,20,1],[1,20,0,1]];3720
141512.j1;[0, -1, 0, -7506032, -7912727339];[[2279,0,0,2659],[1,20,0,1],[2641,20,2640,21],[909,2275,1575,34],[3,46,2308,2583],[1597,1540,1064,1],[1,10,10,101],[17,8,2424,2549],[1,0,20,1],[1331,1540,0,1]];2660
141512.be1;[0, 1, 0, -20792, 1147061];[[2279,0,0,2659],[1751,385,1085,2626],[1,20,0,1],[2641,20,2640,21],[3,46,2308,2583],[1597,1540,1064,1],[1,10,10,101],[17,8,2424,2549],[1,0,20,1],[1331,1540,0,1]];2660
141600.f1;[0, -1, 0, 31167, 6047217];[[1777,10,1751,3513],[2,7,3515,3453],[1,0,10,1],[61,10,305,51],[1181,10,2365,51],[1,10,0,1],[1777,364,86,1893],[3531,10,3530,11]];3540
141600.g1;[0, -1, 0, 779167, -757460463];[[1777,10,1751,3513],[2,7,3515,3453],[1,0,10,1],[61,10,305,51],[1181,10,2365,51],[1,10,0,1],[1777,364,86,1893],[3531,10,3530,11]];3540
141600.cx1;[0, 1, 0, 779167, 757460463];[[1777,10,1751,3513],[2,7,3515,3453],[1,0,10,1],[61,10,305,51],[1181,10,2365,51],[1,10,0,1],[1777,364,86,1893],[3531,10,3530,11]];3540
141600.cy1;[0, 1, 0, 31167, -6047217];[[2,7,3515,3453],[1,0,10,1],[1,10,0,1],[2,5,1781,28],[1777,364,86,1893],[6,5,1175,3536],[366,5,3235,3536],[3531,10,3530,11]];3540
144400.w1;[0, -1, 0, -10608, 424087];[[231,5,325,346],[189,360,0,379],[361,20,360,21],[303,360,76,379],[3,46,28,303],[1,10,10,101],[17,8,144,269],[1,0,20,1],[1,20,0,1]];380
144400.x1;[0, -1, 0, -57158, -4204313];[[189,360,370,179],[149,375,55,34],[361,20,360,21],[303,360,76,379],[3,46,28,303],[1,10,10,101],[17,8,144,269],[1,0,20,1],[1,20,0,1]];380
144400.ce1;[0, 1, 0, -158, 563];[[189,360,370,179],[231,5,325,346],[361,20,360,21],[303,360,76,379],[3,46,28,303],[1,10,10,101],[17,8,144,269],[1,0,20,1],[1,20,0,1]];380
144400.cf1;[0, 1, 0, -3829608, -2885835337];[[189,360,0,379],[149,375,55,34],[361,20,360,21],[303,360,76,379],[3,46,28,303],[1,10,10,101],[17,8,144,269],[1,0,20,1],[1,20,0,1]];380
147136.bn1;[0, 0, 0, -1694, -806586];[[197,10,86,123],[1,0,10,1],[21,10,105,51],[1,10,0,1],[2,7,355,293],[191,352,0,267],[371,10,370,11]];380
147136.bo1;[0, 0, 0, -1694, 806586];[[197,10,86,123],[1,0,10,1],[21,10,105,51],[1,10,0,1],[2,7,355,293],[191,352,0,267],[371,10,370,11]];380
154880.e1;[0, -1, 0, -1266701, -548308715];[[47,10,61,413],[1,0,10,1],[221,10,225,51],[2,7,415,353],[111,252,115,227],[431,10,430,11],[1,10,0,1],[111,10,0,1]];440
154880.l1;[0, -1, 0, -153270861, 730411983061];[[202,5,11,28],[431,10,430,11],[1,0,10,1],[1,10,0,1],[2,7,415,353],[111,10,0,1],[226,247,325,62],[6,5,215,436]];440
154880.m1;[0, -1, 0, -38317715, -91282339025];[[47,10,61,413],[1,0,10,1],[221,10,225,51],[2,7,415,353],[111,252,115,227],[431,10,430,11],[1,10,0,1],[111,10,0,1]];440
154880.t1;[0, -1, 0, -316675, 68696927];[[202,5,11,28],[431,10,430,11],[1,0,10,1],[1,10,0,1],[2,7,415,353],[111,10,0,1],[226,247,325,62],[6,5,215,436]];440
154880.u1;[0, 1, 0, -153270861, -730411983061];[[47,10,61,413],[1,0,10,1],[221,10,225,51],[2,7,415,353],[111,252,115,227],[431,10,430,11],[1,10,0,1],[111,10,0,1]];440
154880.bb1;[0, 1, 0, -1266701, 548308715];[[47,10,61,413],[1,0,10,1],[221,10,225,51],[2,7,415,353],[111,252,115,227],[431,10,430,11],[1,10,0,1],[111,10,0,1]];440
154880.bc1;[0, 1, 0, -316675, -68696927];[[47,10,61,413],[1,0,10,1],[221,10,225,51],[2,7,415,353],[111,252,115,227],[431,10,430,11],[1,10,0,1],[111,10,0,1]];440
154880.bj1;[0, 1, 0, -38317715, 91282339025];[[202,5,11,28],[431,10,430,11],[1,0,10,1],[1,10,0,1],[2,7,415,353],[111,10,0,1],[226,247,325,62],[6,5,215,436]];440
161376.c1;[0, -1, 0, -168557792, 842365094964];[[247,10,2141,4893],[2,7,4895,4833],[3281,10,1645,51],[1,0,10,1],[1,10,0,1],[2461,10,2465,51],[4911,10,4910,11],[1231,1732,0,247],[3697,10,2546,123]];4920
161376.d1;[0, -1, 0, -100272, -12187944];[[247,10,2141,4893],[2,7,4895,4833],[3281,10,1645,51],[1,0,10,1],[1,10,0,1],[2461,10,2465,51],[4911,10,4910,11],[1231,1732,0,247],[3697,10,2546,123]];4920
161376.w1;[0, 1, 0, -168557792, -842365094964];[[247,10,2141,4893],[2,7,4895,4833],[3281,10,1645,51],[1,0,10,1],[1,10,0,1],[2461,10,2465,51],[4911,10,4910,11],[1231,1732,0,247],[3697,10,2546,123]];4920
161376.x1;[0, 1, 0, -100272, 12187944];[[2,7,4895,4833],[6,5,2455,4916],[6,5,3275,4916],[1,0,10,1],[1,10,0,1],[2882,5,1091,28],[4911,10,4910,11],[1231,1732,0,247],[3697,10,2546,123]];4920
169920.bj1;[0, 0, 0, -445878, 81349002];[[2,7,3515,3453],[1777,10,86,123],[1,0,10,1],[1181,10,2365,51],[1771,1072,1775,1467],[3531,10,3530,11],[61,10,305,51],[1,10,0,1]];3540
169920.bq1;[0, 0, 0, -445878, -81349002];[[6,1067,1765,3182],[2,7,3515,3453],[1777,10,86,123],[6,5,1175,3536],[1,0,10,1],[3531,10,3530,11],[366,5,3235,3536],[1,10,0,1]];3540
169920.ec1;[0, 0, 0, -49542, 3012926];[[6,1067,1765,3182],[2,7,3515,3453],[1777,10,86,123],[6,5,1175,3536],[1,0,10,1],[3531,10,3530,11],[366,5,3235,3536],[1,10,0,1]];3540
169920.ev1;[0, 0, 0, -49542, -3012926];[[2,7,3515,3453],[1777,10,86,123],[1,0,10,1],[1181,10,2365,51],[1771,1072,1775,1467],[3531,10,3530,11],[61,10,305,51],[1,10,0,1]];3540
172425.bh1;[0, -1, 1, -23647433, 44845114643];[[1,3772,0,5017],[1,0,10,1],[2,7,6245,6183],[2976,5,655,6266],[5702,5,11,28],[6,5,4175,6266],[6261,10,6260,11],[1,10,0,1]];6270
172425.bi1;[0, -1, 1, -195433, -33621732];[[1,3772,0,5017],[1,0,10,1],[2,7,6245,6183],[2976,5,655,6266],[5702,5,11,28],[6,5,4175,6266],[6261,10,6260,11],[1,10,0,1]];6270
174724.h1;[0, -1, 0, -276646, -44878183];[[3,46,3828,2963],[17,8,3944,4069],[1,20,0,1],[837,1540,3344,1],[2091,1540,770,2861],[1,10,10,101],[4161,20,4160,21],[3419,0,0,4179],[3189,3795,55,2694],[1,0,20,1]];4180
174724.m1;[0, 1, 0, -766, 6301];[[3,46,3828,2963],[17,8,3944,4069],[1,20,0,1],[837,1540,3344,1],[2091,1540,770,2861],[1,10,10,101],[4161,20,4160,21],[3419,0,0,4179],[991,385,4125,1486],[1,0,20,1]];4180
175712.e1;[0, 0, 0, -16184, 23818224];[[197,10,86,123],[1,0,10,1],[21,10,105,51],[1,10,0,1],[2,7,355,293],[191,352,0,267],[371,10,370,11]];380
175712.f1;[0, 0, 0, -16184, -23818224];[[197,10,86,123],[1,0,10,1],[21,10,105,51],[1,10,0,1],[2,7,355,293],[191,352,0,267],[371,10,370,11]];380
178608.h1;[0, -1, 0, -1850, 31119];[[2716,15,3485,61],[2197,20,1464,1],[3641,20,3640,21],[17,8,3424,3549],[1,10,10,101],[1829,3640,0,3659],[1,0,20,1],[3,46,3308,1923],[1,20,0,1],[2441,20,2450,201]];3660
178608.m1;[0, -1, 0, -6885090, 6925728339];[[944,3645,175,3599],[2197,20,1464,1],[3641,20,3640,21],[17,8,3424,3549],[1,10,10,101],[1829,3640,0,3659],[1,0,20,1],[3,46,3308,1923],[1,20,0,1],[2441,20,2450,201]];3660
192200.j1;[0, -1, 0, -1808, -28388];[[311,20,0,1],[1221,20,1220,21],[1211,5,85,1206],[621,20,10,201],[743,1220,1116,1239],[1,10,10,101],[17,8,1004,1129],[3,46,888,803],[1,0,20,1],[1,20,0,1]];1240
192200.o1;[0, -1, 0, -4716908, -3940494188];[[3,46,268,183],[601,20,600,21],[17,8,384,509],[324,605,115,559],[1,10,10,101],[123,600,496,619],[1,0,20,1],[311,20,10,201],[1,20,0,1]];620
192200.v1;[0, 1, 0, -1737808, 863083888];[[311,20,0,1],[1221,20,1220,21],[621,20,10,201],[743,1220,1116,1239],[29,1235,1155,34],[1,10,10,101],[17,8,1004,1129],[3,46,888,803],[1,0,20,1],[1,20,0,1]];1240
192200.y1;[0, 1, 0, -4908, 130688];[[3,46,268,183],[601,20,600,21],[17,8,384,509],[296,15,505,61],[1,10,10,101],[123,600,496,619],[1,0,20,1],[311,20,10,201],[1,20,0,1]];620
193600.di1;[0, -1, 0, -100833, 14329537];[[21,0,0,21],[31,32,25,17],[31,32,8,39],[1,16,0,9],[31,10,20,31],[31,30,30,11],[21,20,20,21],[39,0,0,39],[31,0,0,31],[9,0,0,9],[1,20,0,1],[31,25,25,6],[9,18,37,31],[33,0,0,33]];40
193600.dj1;[0, -1, 0, -4033, -113023];[[31,10,20,31],[1,20,0,1],[1,16,0,9],[31,30,30,11],[29,0,0,29],[31,32,25,17],[33,0,0,33],[39,0,0,39],[21,20,20,21],[21,0,0,21],[31,25,25,6],[33,32,24,17],[31,0,0,31],[7,3,6,33]];40
193600.ee1;[0, 0, 0, -3327500, -4831530000];[[47,10,61,413],[1,0,10,1],[221,10,225,51],[2,7,415,353],[431,10,430,11],[337,384,306,233],[1,10,0,1],[111,10,0,1]];440
193600.ef1;[0, 0, 0, -1100, 29040];[[47,10,61,413],[1,0,10,1],[221,10,225,51],[2,7,415,353],[431,10,430,11],[337,384,306,233],[1,10,0,1],[111,10,0,1]];440
193600.eh1;[0, 0, 0, -27500, -3630000];[[47,10,61,413],[1,0,10,1],[221,10,225,51],[2,7,415,353],[431,10,430,11],[337,384,306,233],[1,10,0,1],[111,10,0,1]];440
193600.ei1;[0, 0, 0, -133100, 38652240];[[47,10,61,413],[1,0,10,1],[221,10,225,51],[2,7,415,353],[431,10,430,11],[337,384,306,233],[1,10,0,1],[111,10,0,1]];440
193600.fh1;[0, 0, 0, -1100, -29040];[[1,0,10,1],[202,5,11,28],[6,5,215,436],[2,7,415,353],[431,10,430,11],[337,384,306,233],[1,10,0,1],[111,10,0,1]];440
193600.fi1;[0, 0, 0, -3327500, 4831530000];[[47,10,61,413],[1,0,10,1],[221,10,225,51],[2,7,415,353],[431,10,430,11],[337,384,306,233],[1,10,0,1],[111,10,0,1]];440
193600.fk1;[0, 0, 0, -133100, -38652240];[[1,0,10,1],[202,5,11,28],[6,5,215,436],[2,7,415,353],[431,10,430,11],[337,384,306,233],[1,10,0,1],[111,10,0,1]];440
193600.fl1;[0, 0, 0, -27500, 3630000];[[1,0,10,1],[202,5,11,28],[6,5,215,436],[2,7,415,353],[431,10,430,11],[337,384,306,233],[1,10,0,1],[111,10,0,1]];440
193600.gh1;[0, 1, 0, -100833, -14329537];[[21,0,0,21],[31,32,8,39],[1,16,0,9],[31,10,20,31],[31,30,30,11],[21,20,20,21],[39,0,0,39],[31,0,0,31],[9,0,0,9],[1,20,0,1],[31,25,25,6],[9,18,37,31],[9,8,15,23],[33,0,0,33]];40
193600.gi1;[0, 1, 0, -4033, 113023];[[21,0,0,21],[33,32,24,17],[1,16,0,9],[31,10,20,31],[31,30,30,11],[7,3,6,33],[21,20,20,21],[29,0,0,29],[39,0,0,39],[31,0,0,31],[1,20,0,1],[31,25,25,6],[9,8,15,23],[33,0,0,33]];40
205504.bs1;[0, 0, 0, -2366, 1331382];[[197,10,86,123],[1,0,10,1],[21,10,105,51],[1,10,0,1],[2,7,355,293],[191,352,0,267],[371,10,370,11]];380
205504.bt1;[0, 0, 0, -2366, -1331382];[[197,10,86,123],[1,0,10,1],[21,10,105,51],[1,10,0,1],[2,7,355,293],[191,352,0,267],[371,10,370,11]];380
207936.cs1;[0, 0, 0, -228, 1064];[[1919,1500,1920,1499],[17,8,2044,2169],[1,0,20,1],[1711,780,1530,961],[1,20,0,1],[1139,0,0,2279],[3,46,1928,1443],[1519,0,0,2279],[683,1500,456,2279],[743,1512,2136,491],[2261,20,2260,21],[1289,1515,435,1934],[1517,714,732,1217],[1,10,10,101]];2280
207936.ct1;[0, 0, 0, -82308, -7297976];[[1919,1500,1920,1499],[17,8,2044,2169],[1,0,20,1],[1711,780,1530,961],[1,20,0,1],[1139,0,0,2279],[3,46,1928,1443],[1519,0,0,2279],[683,1500,456,2279],[743,1512,2136,491],[2261,20,2260,21],[991,765,1845,346],[1517,714,732,1217],[1,10,10,101]];2280
207936.cu1;[0, 0, 0, -228, -1064];[[1919,1500,1920,1499],[17,8,2044,2169],[1,0,20,1],[1,20,0,1],[1139,0,0,2279],[3,46,1928,1443],[1519,0,0,2279],[683,1500,456,2279],[743,1512,2136,491],[2261,20,2260,21],[1289,1515,435,1934],[1517,714,732,1217],[569,1500,750,1319],[1,10,10,101]];2280
207936.cv1;[0, 0, 0, -82308, 7297976];[[1919,1500,1920,1499],[17,8,2044,2169],[1,0,20,1],[1,20,0,1],[1139,0,0,2279],[3,46,1928,1443],[1519,0,0,2279],[683,1500,456,2279],[743,1512,2136,491],[2261,20,2260,21],[991,765,1845,346],[1517,714,732,1217],[569,1500,750,1319],[1,10,10,101]];2280
207936.he1;[0, 0, 0, -45486, -112226958];[[197,10,86,123],[1,0,10,1],[1,10,0,1],[2,7,355,293],[191,352,0,267],[126,5,275,376],[371,10,370,11]];380
207936.hl1;[0, 0, 0, -15276, 726712];[[1919,1500,1920,1499],[17,8,2044,2169],[1,0,20,1],[1,20,0,1],[1139,0,0,2279],[3,46,1928,1443],[1519,0,0,2279],[683,1500,456,2279],[743,1512,2136,491],[2261,20,2260,21],[1289,1515,435,1934],[1711,780,0,1],[1517,714,732,1217],[1,10,10,101]];2280
207936.hm1;[0, 0, 0, -5514636, -4984517608];[[1919,1500,1920,1499],[17,8,2044,2169],[1,0,20,1],[1,20,0,1],[1139,0,0,2279],[3,46,1928,1443],[1519,0,0,2279],[683,1500,456,2279],[743,1512,2136,491],[2261,20,2260,21],[991,765,1845,346],[1711,780,0,1],[1517,714,732,1217],[1,10,10,101]];2280
207936.hn1;[0, 0, 0, -15276, -726712];[[1919,1500,1920,1499],[569,1500,0,2279],[17,8,2044,2169],[1,0,20,1],[1,20,0,1],[1139,0,0,2279],[3,46,1928,1443],[1519,0,0,2279],[683,1500,456,2279],[743,1512,2136,491],[2261,20,2260,21],[1289,1515,435,1934],[1517,714,732,1217],[1,10,10,101]];2280
207936.ho1;[0, 0, 0, -5514636, 4984517608];[[1919,1500,1920,1499],[569,1500,0,2279],[17,8,2044,2169],[1,0,20,1],[1,20,0,1],[1139,0,0,2279],[3,46,1928,1443],[1519,0,0,2279],[683,1500,456,2279],[743,1512,2136,491],[2261,20,2260,21],[991,765,1845,346],[1517,714,732,1217],[1,10,10,101]];2280
207936.hv1;[0, 0, 0, -45486, 112226958];[[197,10,86,123],[1,0,10,1],[21,10,105,51],[1,10,0,1],[2,7,355,293],[191,352,0,267],[371,10,370,11]];380
212800.dw1;[0, -1, 0, -1855833, 891004537];[[1,0,10,1],[381,10,1905,51],[1541,10,2385,51],[2651,10,2650,11],[1337,2404,86,1453],[1337,10,86,123],[2,7,2635,2573],[1,10,0,1]];2660
212800.er1;[0, -1, 0, -74233, -7098343];[[1,0,10,1],[381,10,1905,51],[1541,10,2385,51],[2651,10,2650,11],[1337,2404,86,1453],[1337,10,86,123],[2,7,2635,2573],[1,10,0,1]];2660
212800.gm1;[0, 1, 0, -74233, 7098343];[[1,0,10,1],[381,10,1905,51],[1541,10,2385,51],[2651,10,2650,11],[1337,2404,86,1453],[1337,10,86,123],[2,7,2635,2573],[1,10,0,1]];2660
212800.hd1;[0, 1, 0, -1855833, -891004537];[[1,0,10,1],[381,10,1905,51],[1541,10,2385,51],[2651,10,2650,11],[1337,2404,86,1453],[1337,10,86,123],[2,7,2635,2573],[1,10,0,1]];2660
216225.ba1;[0, 0, 1, -8937300, 10270707921];[[517,10,191,903],[311,10,625,51],[921,10,920,11],[1,0,10,1],[1,10,0,1],[2,7,905,843],[7,754,86,123]];930
216225.bd1;[0, 0, 1, -223432500, 1283838490156];[[921,10,920,11],[1,0,10,1],[1,10,0,1],[2,7,905,843],[7,754,86,123],[812,5,281,28],[6,5,305,926]];930
216225.bh1;[0, 0, 1, -232500, -43094844];[[921,10,920,11],[1,0,10,1],[1,10,0,1],[2,7,905,843],[7,754,86,123],[812,5,281,28],[6,5,305,926]];930
216225.bk1;[0, 0, 1, -9300, -344759];[[517,10,191,903],[311,10,625,51],[921,10,920,11],[1,0,10,1],[1,10,0,1],[2,7,905,843],[7,754,86,123]];930
231200.x1;[0, -1, 0, -60208, -6576088];[[31,10,20,31],[1,20,0,1],[1,16,0,9],[31,30,30,11],[29,0,0,29],[31,32,25,17],[33,0,0,33],[39,0,0,39],[21,20,20,21],[21,0,0,21],[31,25,25,6],[31,0,0,31],[7,8,16,23],[7,3,6,33]];40
231200.z1;[0, -1, 0, -2408, 53572];[[21,0,0,21],[31,32,25,17],[1,16,0,9],[31,10,20,31],[31,30,30,11],[21,20,20,21],[39,0,0,39],[31,0,0,31],[9,0,0,9],[1,20,0,1],[31,25,25,6],[9,18,37,31],[33,0,0,33],[9,8,32,1]];40
231200.bx1;[0, 1, 0, -2408, -53572];[[21,0,0,21],[1,16,0,9],[31,10,20,31],[31,30,30,11],[21,20,20,21],[39,0,0,39],[31,0,0,31],[9,0,0,9],[1,20,0,1],[31,25,25,6],[9,18,37,31],[9,8,15,23],[33,0,0,33],[9,8,32,1]];40
231200.bz1;[0, 1, 0, -60208, 6576088];[[21,0,0,21],[31,32,8,39],[1,16,0,9],[31,10,20,31],[31,30,30,11],[21,20,20,21],[39,0,0,39],[31,0,0,31],[9,0,0,9],[1,20,0,1],[31,25,25,6],[9,8,15,23],[33,0,0,33],[31,22,3,9]];40
232324.b1;[0, 1, 0, -32660882, 71830093505];[[1369,4815,2935,34],[3,46,4468,4243],[3857,20,964,1],[2411,20,10,201],[4801,20,4800,21],[1,10,10,101],[1,0,20,1],[17,8,4584,4709],[1,20,0,1]];4820
232324.c1;[0, 1, 0, -562, 4945];[[3,46,4468,4243],[3857,20,964,1],[2411,20,10,201],[4801,20,4800,21],[1,10,10,101],[3451,5,1885,4786],[1,0,20,1],[17,8,4584,4709],[1,20,0,1]];4820
235200.fy1;[0, -1, 0, -8983, 330877];[[1,0,10,1],[37,4,26,33],[1,10,0,1],[51,10,50,11],[6,5,35,56],[2,7,35,33],[37,10,26,3]];60
235200.in1;[0, -1, 0, -224583, -40910463];[[1,0,10,1],[37,4,26,33],[1,10,0,1],[51,10,50,11],[41,10,25,51],[2,7,35,33],[37,10,26,3]];60
235200.um1;[0, 1, 0, -8983, -330877];[[1,0,10,1],[37,4,26,33],[1,10,0,1],[51,10,50,11],[41,10,25,51],[2,7,35,33],[37,10,26,3]];60
235200.xb1;[0, 1, 0, -224583, 40910463];[[1,0,10,1],[37,4,26,33],[1,10,0,1],[51,10,50,11],[6,5,35,56],[2,7,35,33],[37,10,26,3]];60
238144.h1;[0, 0, 0, -907924, 332300184];[[3,46,2088,1923],[2437,2394,1572,1737],[17,8,2204,2329],[611,20,10,201],[2421,20,2420,21],[1239,2420,1240,2419],[2423,2432,1456,1331],[571,5,765,1186],[1,10,10,101],[977,20,244,1],[1,0,20,1],[1219,0,0,2439],[1,20,0,1]];2440
238144.i1;[0, 0, 0, -244, -1464];[[1869,2435,1675,1254],[3,46,2088,1923],[1,0,20,1],[1829,2420,2430,2239],[1,20,0,1],[2421,20,2420,21],[1239,2420,1240,2419],[1219,0,0,2439],[977,20,244,1],[2437,2394,1572,1737],[17,8,2204,2329],[2423,2432,1456,1331],[1,10,10,101]];2440
238144.j1;[0, 0, 0, -907924, -332300184];[[3,46,2088,1923],[2437,2394,1572,1737],[17,8,2204,2329],[1829,2420,2430,2239],[1239,2420,1240,2419],[2421,20,2420,21],[2423,2432,1456,1331],[571,5,765,1186],[1,10,10,101],[977,20,244,1],[1,0,20,1],[1219,0,0,2439],[1,20,0,1]];2440
238144.k1;[0, 0, 0, -244, 1464];[[611,20,10,201],[1869,2435,1675,1254],[3,46,2088,1923],[1,0,20,1],[2421,20,2420,21],[1,20,0,1],[1239,2420,1240,2419],[1219,0,0,2439],[977,20,244,1],[2437,2394,1572,1737],[17,8,2204,2329],[2423,2432,1456,1331],[1,10,10,101]];2440
244036.g1;[0, -1, 0, -386390, 74358673];[[1519,0,0,4939],[1977,780,2964,1],[17,8,4704,4829],[909,2275,4615,3834],[4921,20,4920,21],[1,10,10,101],[3,46,4588,4483],[1,0,20,1],[1,20,0,1],[2471,780,390,2861]];4940
244036.o1;[0, 1, 0, -1070, -11179];[[1519,0,0,4939],[1977,780,2964,1],[4031,2665,325,1106],[17,8,4704,4829],[4921,20,4920,21],[1,10,10,101],[3,46,4588,4483],[1,0,20,1],[1,20,0,1],[2471,780,390,2861]];4940
250173.l1;[0, 0, 1, -3831272784, -91277069461270];[[29261,10,14635,51],[43881,10,43880,11],[2,7,43865,43803],[37621,10,12545,51],[27931,10,7985,51],[1,0,10,1],[25417,10,43871,43863],[1,35122,0,17557],[1,10,0,1]];43890
250173.m1;[0, 0, 1, -10612944, 13307635145];[[32342,5,2321,28],[43881,10,43880,11],[2,7,43865,43803],[1,0,10,1],[35916,5,35905,43886],[6276,5,31345,43886],[6,5,29255,43886],[1,35122,0,17557],[1,10,0,1]];43890
250173.bc1;[0, 0, 1, -425696976, 3380632202269];[[32342,5,2321,28],[43881,10,43880,11],[2,7,43865,43803],[1,0,10,1],[35916,5,35905,43886],[6276,5,31345,43886],[6,5,29255,43886],[1,35122,0,17557],[1,10,0,1]];43890
250173.bd1;[0, 0, 1, -1179216, -492875376];[[32342,5,2321,28],[43881,10,43880,11],[2,7,43865,43803],[1,0,10,1],[35916,5,35905,43886],[6276,5,31345,43886],[6,5,29255,43886],[1,35122,0,17557],[1,10,0,1]];43890
252050.h1;[1, 0, 1, -54101, 4838848];[[2,7,2815,2753],[1327,10,861,2813],[1421,10,1425,51],[711,1572,0,1847],[1,0,10,1],[1,10,0,1],[2831,10,2830,11],[711,10,715,51]];2840
252050.s1;[1, 0, 1, -272720726, -1733513340152];[[2,7,2815,2753],[6,5,1415,2836],[711,1572,0,1847],[1,0,10,1],[1,10,0,1],[1426,5,2125,2836],[2002,5,2491,28],[2831,10,2830,11]];2840
261075.s1;[0, -1, 1, -2148583, 1212922068];[[427,10,611,1743],[2,7,1745,1683],[1761,10,1760,11],[1,1072,5,1467],[1,0,10,1],[1,10,0,1],[1181,10,595,51]];1770
261075.t1;[0, -1, 1, -7479218583, -248959137091057];[[427,10,611,1743],[2,7,1745,1683],[1761,10,1760,11],[1,1072,5,1467],[1,0,10,1],[1,10,0,1],[1181,10,595,51]];1770
261075.v1;[0, 1, 1, -85943, 9668999];[[2,7,1745,1683],[1761,10,1760,11],[1,0,10,1],[1,10,0,1],[6,5,1175,1766],[6,1067,1765,1412],[122,5,671,28]];1770
261075.w1;[0, 1, 1, -299168743, -1991792764226];[[427,10,611,1743],[2,7,1745,1683],[1761,10,1760,11],[1,1072,5,1467],[1,0,10,1],[1,10,0,1],[1181,10,595,51]];1770
261725.i1;[0, 0, 1, -741950, -276424469];[[5501,10,5500,11],[1,1112,5,3357],[1,0,10,1],[2617,10,5491,5483],[1,10,0,1],[2,7,5485,5423],[3801,10,2475,51]];5510
261725.j1;[0, 0, 1, -267843950, 1895995431156];[[5501,10,5500,11],[2322,5,1751,28],[1,0,10,1],[1,10,0,1],[766,5,3035,5506],[2,7,5485,5423],[6,1107,5505,3302]];5510
268128.dq1;[0, 0, 0, -24696, 44897328];[[197,10,86,123],[1,0,10,1],[1,10,0,1],[2,7,355,293],[191,352,0,267],[126,5,275,376],[371,10,370,11]];380
268128.dx1;[0, 0, 0, -24696, -44897328];[[197,10,86,123],[1,0,10,1],[1,10,0,1],[2,7,355,293],[191,352,0,267],[126,5,275,376],[371,10,370,11]];380
270400.dp1;[0, -1, 0, -5633, 190657];[[21,0,0,21],[31,32,25,17],[1,16,0,9],[31,10,20,31],[31,30,30,11],[21,20,20,21],[39,0,0,39],[31,0,0,31],[9,0,0,9],[1,20,0,1],[31,25,25,6],[33,0,0,33],[31,22,3,9],[9,8,32,1]];40
270400.dy1;[0, -1, 0, -140833, -23550463];[[21,0,0,21],[31,32,8,39],[31,32,25,17],[1,16,0,9],[31,10,20,31],[31,30,30,11],[21,20,20,21],[39,0,0,39],[31,0,0,31],[9,0,0,9],[1,20,0,1],[31,25,25,6],[9,18,37,31],[33,0,0,33]];40
270400.go1;[0, 1, 0, -140833, 23550463];[[21,0,0,21],[31,32,8,39],[1,16,0,9],[31,10,20,31],[31,30,30,11],[21,20,20,21],[39,0,0,39],[31,0,0,31],[9,0,0,9],[1,20,0,1],[31,25,25,6],[9,18,37,31],[9,8,15,23],[33,0,0,33]];40
270400.gx1;[0, 1, 0, -5633, -190657];[[21,0,0,21],[1,16,0,9],[31,10,20,31],[31,30,30,11],[21,20,20,21],[39,0,0,39],[31,0,0,31],[9,0,0,9],[1,20,0,1],[31,25,25,6],[9,8,15,23],[33,0,0,33],[31,22,3,9],[9,8,32,1]];40
273600.k1;[0, 0, 0, -3150, -2045250];[[197,10,86,123],[1,0,10,1],[1,10,0,1],[2,7,355,293],[191,352,0,267],[126,5,275,376],[371,10,370,11]];380
273600.qb1;[0, 0, 0, -3150, 2045250];[[197,10,86,123],[1,0,10,1],[21,10,105,51],[1,10,0,1],[2,7,355,293],[191,352,0,267],[371,10,370,11]];380
283024.s1;[0, -1, 0, -20792, -1147061];[[1751,385,1085,2626],[2279,0,0,2659],[17,8,2424,2549],[3,46,2308,2583],[1597,1540,1064,1],[2641,20,2640,21],[1,10,10,101],[1329,1120,0,2659],[1,0,20,1],[1,20,0,1]];2660
283024.bc1;[0, -1, 0, -112030, 11626259];[[2279,0,0,2659],[1,20,0,1],[2641,20,2640,21],[909,2275,1575,34],[3,46,2308,2583],[1597,1540,1064,1],[1,10,10,101],[1329,1120,1890,559],[17,8,2424,2549],[1,0,20,1]];2660
283024.bz1;[0, 1, 0, -7506032, 7912727339];[[909,2275,1575,34],[2279,0,0,2659],[17,8,2424,2549],[3,46,2308,2583],[1597,1540,1064,1],[2641,20,2640,21],[1,10,10,101],[1329,1120,0,2659],[1,0,20,1],[1,20,0,1]];2660
283024.cg1;[0, 1, 0, -310, -1793];[[2279,0,0,2659],[1751,385,1085,2626],[1,20,0,1],[2641,20,2640,21],[3,46,2308,2583],[1597,1540,1064,1],[1,10,10,101],[1329,1120,1890,559],[17,8,2424,2549],[1,0,20,1]];2660
283200.dw1;[0, -1, 0, 194792, 94585162];[[1777,10,1751,3513],[2,7,3515,3453],[1,0,10,1],[61,10,305,51],[1181,10,2365,51],[1,10,0,1],[1777,364,86,1893],[3531,10,3530,11]];3540
283200.dx1;[0, -1, 0, 7792, -759798];[[1777,10,1751,3513],[2,7,3515,3453],[1,0,10,1],[61,10,305,51],[1181,10,2365,51],[1,10,0,1],[1777,364,86,1893],[3531,10,3530,11]];3540
283200.ge1;[0, 1, 0, 7792, 759798];[[2,7,3515,3453],[1,0,10,1],[1,10,0,1],[2,5,1781,28],[1777,364,86,1893],[6,5,1175,3536],[366,5,3235,3536],[3531,10,3530,11]];3540
283200.gf1;[0, 1, 0, 194792, -94585162];[[2,7,3515,3453],[1,0,10,1],[1,10,0,1],[2,5,1781,28],[1777,364,86,1893],[6,5,1175,3536],[366,5,3235,3536],[3531,10,3530,11]];3540
288800.u1;[0, -1, 0, -3008, -72668];[[21,0,0,21],[31,32,25,17],[1,16,0,9],[31,10,20,31],[31,30,30,11],[21,20,20,21],[39,0,0,39],[31,0,0,31],[9,0,0,9],[1,20,0,1],[31,25,25,6],[9,18,37,31],[33,0,0,33],[9,8,32,1]];40
288800.x1;[0, -1, 0, -75208, 9233912];[[21,0,0,21],[31,32,25,17],[31,32,8,39],[1,16,0,9],[31,10,20,31],[31,30,30,11],[21,20,20,21],[39,0,0,39],[31,0,0,31],[9,0,0,9],[1,20,0,1],[31,25,25,6],[33,0,0,33],[31,22,3,9]];40
288800.bb1;[0, 0, 0, -505400, -4156554000];[[197,10,86,123],[1,0,10,1],[1,10,0,1],[2,7,355,293],[191,352,0,267],[126,5,275,376],[371,10,370,11]];380
288800.bt1;[0, 0, 0, -505400, 4156554000];[[197,10,86,123],[1,0,10,1],[21,10,105,51],[1,10,0,1],[2,7,355,293],[191,352,0,267],[371,10,370,11]];380
288800.bx1;[0, 1, 0, -75208, -9233912];[[21,0,0,21],[31,32,8,39],[1,16,0,9],[31,10,20,31],[31,30,30,11],[21,20,20,21],[39,0,0,39],[31,0,0,31],[9,0,0,9],[1,20,0,1],[31,25,25,6],[9,8,15,23],[33,0,0,33],[31,22,3,9]];40
288800.ca1;[0, 1, 0, -3008, 72668];[[21,0,0,21],[1,16,0,9],[31,10,20,31],[31,30,30,11],[21,20,20,21],[39,0,0,39],[31,0,0,31],[9,0,0,9],[1,20,0,1],[31,25,25,6],[9,18,37,31],[9,8,15,23],[33,0,0,33],[9,8,32,1]];40
290400.n1;[0, -1, 0, -2218333, -1271597963];[[1,0,10,1],[37,4,26,33],[1,10,0,1],[51,10,50,11],[6,5,35,56],[2,7,35,33],[37,10,26,3]];60
290400.y1;[0, -1, 0, -88733, 10208277];[[1,0,10,1],[37,4,26,33],[1,10,0,1],[51,10,50,11],[6,5,35,56],[2,7,35,33],[37,10,26,3]];60
290400.gk1;[0, 1, 0, -2218333, 1271597963];[[1,0,10,1],[37,4,26,33],[1,10,0,1],[51,10,50,11],[41,10,25,51],[2,7,35,33],[37,10,26,3]];60
290400.gv1;[0, 1, 0, -88733, -10208277];[[1,0,10,1],[37,4,26,33],[1,10,0,1],[51,10,50,11],[6,5,35,56],[2,7,35,33],[37,10,26,3]];60
295200.b1;[0, 0, 0, -4749675, 4006879250];[[2,7,4895,4833],[1231,1732,1235,3987],[3281,10,1645,51],[1,0,10,1],[1,10,0,1],[2461,10,2465,51],[4911,10,4910,11],[3697,10,2546,123],[1441,10,2285,51]];4920
295200.c1;[0, 0, 0, -42747075, -108185739750];[[2,7,4895,4833],[1231,1732,1235,3987],[3281,10,1645,51],[1,0,10,1],[1,10,0,1],[2461,10,2465,51],[4911,10,4910,11],[3697,10,2546,123],[1441,10,2285,51]];4920
295200.cd1;[0, 0, 0, 56925, 5531750];[[2,7,4895,4833],[3281,10,1645,51],[1,0,10,1],[1,10,0,1],[2461,10,2465,51],[4911,10,4910,11],[1231,1732,0,247],[3697,10,2546,123],[1441,10,2285,51]];4920
295200.ce1;[0, 0, 0, 56925, -5531750];[[2,7,4895,4833],[3281,10,1645,51],[1,0,10,1],[1,10,0,1],[2461,10,2465,51],[4911,10,4910,11],[1231,1732,0,247],[3697,10,2546,123],[1441,10,2285,51]];4920
295200.cf1;[0, 0, 0, 512325, -149357250];[[2,7,4895,4833],[3281,10,1645,51],[1,0,10,1],[1,10,0,1],[2461,10,2465,51],[4911,10,4910,11],[1231,1732,0,247],[3697,10,2546,123],[1441,10,2285,51]];4920
295200.cg1;[0, 0, 0, 512325, 149357250];[[2,7,4895,4833],[3281,10,1645,51],[1,0,10,1],[1,10,0,1],[2461,10,2465,51],[4911,10,4910,11],[1231,1732,0,247],[3697,10,2546,123],[1441,10,2285,51]];4920
295200.eh1;[0, 0, 0, -4749675, -4006879250];[[2,7,4895,4833],[1231,1732,1235,3987],[3281,10,1645,51],[1,0,10,1],[1,10,0,1],[2461,10,2465,51],[4911,10,4910,11],[3697,10,2546,123],[1441,10,2285,51]];4920
295200.ei1;[0, 0, 0, -42747075, 108185739750];[[2466,1727,3685,2702],[2,7,4895,4833],[6,5,2455,4916],[6,5,3275,4916],[1,0,10,1],[3726,5,2635,4916],[1,10,0,1],[4911,10,4910,11],[3697,10,2546,123]];4920
295776.c1;[0, 0, 0, -26324739, 51996429306];[[20541,10,20545,51],[2,7,41055,40993],[30817,10,20626,123],[41071,10,41070,11],[1,0,10,1],[3161,10,15805,51],[10271,6172,0,18487],[28601,10,19765,51],[1,10,0,1]];41080
295776.h1;[0, 0, 0, -26324739, -51996429306];[[20541,10,20545,51],[2,7,41055,40993],[30817,10,20626,123],[41071,10,41070,11],[1,0,10,1],[3161,10,15805,51],[10271,6172,0,18487],[28601,10,19765,51],[1,10,0,1]];41080
296450.cq1;[1, -1, 0, -2547617, 3237384541];[[47,10,61,413],[1,0,10,1],[221,10,225,51],[2,7,415,353],[431,10,430,11],[337,384,306,233],[1,10,0,1],[111,10,0,1]];440
296450.cr1;[1, -1, 0, -842, -19244];[[47,10,61,413],[1,0,10,1],[221,10,225,51],[2,7,415,353],[431,10,430,11],[337,384,306,233],[1,10,0,1],[111,10,0,1]];440
296450.ii1;[1, -1, 1, -101905, 25919457];[[47,10,61,413],[1,0,10,1],[221,10,225,51],[2,7,415,353],[431,10,430,11],[337,384,306,233],[1,10,0,1],[111,10,0,1]];440
296450.ij1;[1, -1, 1, -21055, -2426553];[[1,0,10,1],[202,5,11,28],[6,5,215,436],[2,7,415,353],[431,10,430,11],[337,384,306,233],[1,10,0,1],[111,10,0,1]];440
321632.j1;[0, 0, 0, -29624, -58985616];[[197,10,86,123],[1,0,10,1],[21,10,105,51],[1,10,0,1],[2,7,355,293],[191,352,0,267],[371,10,370,11]];380
321632.k1;[0, 0, 0, -29624, 58985616];[[197,10,86,123],[1,0,10,1],[21,10,105,51],[1,10,0,1],[2,7,355,293],[191,352,0,267],[371,10,370,11]];380
322624.m1;[0, -1, 0, -138497, -19792223];[[2,7,2815,2753],[1327,10,861,2813],[1421,10,1425,51],[711,1572,0,1847],[1,0,10,1],[1,10,0,1],[2831,10,2830,11],[711,10,715,51]];2840
322624.o1;[0, -1, 0, -698165057, 7100610274273];[[2,7,2815,2753],[1327,10,861,2813],[1421,10,1425,51],[711,1572,0,1847],[1,0,10,1],[1,10,0,1],[2831,10,2830,11],[711,10,715,51]];2840
322624.bf1;[0, 1, 0, -698165057, -7100610274273];[[2,7,2815,2753],[1327,10,861,2813],[1421,10,1425,51],[711,1572,0,1847],[1,0,10,1],[1,10,0,1],[2831,10,2830,11],[711,10,715,51]];2840
322624.bh1;[0, 1, 0, -138497, 19792223];[[2,7,2815,2753],[1327,10,861,2813],[1421,10,1425,51],[711,1572,0,1847],[1,0,10,1],[1,10,0,1],[2831,10,2830,11],[711,10,715,51]];2840
322752.cb1;[0, -1, 0, -401089, 97904641];[[247,10,2141,4893],[2,7,4895,4833],[3281,10,1645,51],[1,0,10,1],[1,10,0,1],[2461,10,2465,51],[4911,10,4910,11],[1231,1732,0,247],[3697,10,2546,123]];4920
322752.cc1;[0, -1, 0, -674231169, -6738246528543];[[2,7,4895,4833],[6,5,2455,4916],[6,5,3275,4916],[1,0,10,1],[1,10,0,1],[2882,5,1091,28],[4911,10,4910,11],[1231,1732,0,247],[3697,10,2546,123]];4920
322752.eh1;[0, 1, 0, -401089, -97904641];[[2,7,4895,4833],[6,5,2455,4916],[6,5,3275,4916],[1,0,10,1],[1,10,0,1],[2882,5,1091,28],[4911,10,4910,11],[1231,1732,0,247],[3697,10,2546,123]];4920
322752.ei1;[0, 1, 0, -674231169, 6738246528543];[[2,7,4895,4833],[6,5,2455,4916],[6,5,3275,4916],[1,0,10,1],[1,10,0,1],[2882,5,1091,28],[4911,10,4910,11],[1231,1732,0,247],[3697,10,2546,123]];4920
324900.cj1;[0, 0, 0, -1425, 16625];[[1121,20,1120,21],[683,360,456,1139],[379,0,0,1139],[3,46,788,303],[571,780,390,961],[1,10,10,101],[17,8,904,1029],[991,765,705,346],[1,0,20,1],[1,20,0,1]];1140
324900.ck1;[0, 0, 0, -514425, -114030875];[[1121,20,1120,21],[683,360,456,1139],[379,0,0,1139],[149,375,435,794],[571,780,390,961],[3,46,788,303],[1,10,10,101],[17,8,904,1029],[1,0,20,1],[1,20,0,1]];1140
331056.bb1;[0, 0, 0, -1125696, -465687376];[[1,3772,0,5017],[1,0,10,1],[2,7,6245,6183],[2976,5,655,6266],[5702,5,11,28],[6,5,4175,6266],[6261,10,6260,11],[1,10,0,1]];6270
331056.bi1;[0, 0, 0, -136209216, 619829897456];[[3631,10,5615,51],[2,7,6245,6183],[4181,10,2095,51],[6261,10,6260,11],[1,0,10,1],[1,3772,0,5017],[1,10,0,1],[1147,10,2261,6243]];6270
337953.y1;[0, -1, 1, -46348969, -123017915406];[[1,3772,0,5017],[1,0,10,1],[2,7,6245,6183],[2976,5,655,6266],[5702,5,11,28],[6,5,4175,6266],[6261,10,6260,11],[1,10,0,1]];6270
337953.ba1;[0, -1, 1, -383049, 92564471];[[1,3772,0,5017],[1,0,10,1],[2,7,6245,6183],[2976,5,655,6266],[5702,5,11,28],[6,5,4175,6266],[6261,10,6260,11],[1,10,0,1]];6270
337953.bh1;[0, -1, 1, -1247605, -460977210];[[29261,10,14635,51],[19957,10,39881,43863],[43881,10,43880,11],[2,7,43865,43803],[37621,10,12545,51],[1,0,10,1],[16171,10,36965,51],[1,35122,0,17557],[1,10,0,1]];43890
337953.bi1;[0, -1, 1, -150960245, 614164507109];[[9246,5,6925,43886],[11972,5,11,28],[43881,10,43880,11],[2,7,43865,43803],[1,0,10,1],[6276,5,31345,43886],[6,5,29255,43886],[1,35122,0,17557],[1,10,0,1]];43890
337953.bp1;[0, 1, 1, -3080821, -1791447311];[[29261,10,14635,51],[19957,10,39881,43863],[43881,10,43880,11],[2,7,43865,43803],[37621,10,12545,51],[1,0,10,1],[16171,10,36965,51],[1,35122,0,17557],[1,10,0,1]];43890
337953.bq1;[0, 1, 1, -25461, 1336682];[[9246,5,6925,43886],[11972,5,11,28],[43881,10,43880,11],[2,7,43865,43803],[1,0,10,1],[6276,5,31345,43886],[6,5,29255,43886],[1,35122,0,17557],[1,10,0,1]];43890
349448.i1;[0, -1, 0, -51344, 4495141];[[3,46,3828,2963],[17,8,3944,4069],[1,20,0,1],[837,1540,3344,1],[2091,1540,0,1],[1,10,10,101],[4161,20,4160,21],[3419,0,0,4179],[991,385,4125,1486],[1,0,20,1]];4180
349448.r1;[0, 1, 0, -18535304, -30720960547];[[3,46,3828,2963],[17,8,3944,4069],[1,20,0,1],[837,1540,3344,1],[2091,1540,0,1],[1,10,10,101],[4161,20,4160,21],[3419,0,0,4179],[3189,3795,55,2694],[1,0,20,1]];4180
349600.o1;[0, -1, 0, -677350833, -6785071750463];[[4377,884,86,4493],[8731,10,8730,11],[2301,10,2765,51],[1,0,10,1],[3041,10,6465,51],[1,10,0,1],[2,7,8715,8653],[4377,10,4351,8713]];8740
349600.p1;[0, -1, 0, -27094033, 54291411617];[[4377,884,86,4493],[8731,10,8730,11],[2301,10,2765,51],[1,0,10,1],[3041,10,6465,51],[1,10,0,1],[2,7,8715,8653],[4377,10,4351,8713]];8740
349600.w1;[0, 1, 0, -27094033, -54291411617];[[4377,884,86,4493],[8731,10,8730,11],[2301,10,2765,51],[1,0,10,1],[3041,10,6465,51],[1,10,0,1],[2,7,8715,8653],[4377,10,4351,8713]];8740
349600.x1;[0, 1, 0, -677350833, 6785071750463];[[4377,884,86,4493],[8731,10,8730,11],[2301,10,2765,51],[1,0,10,1],[3041,10,6465,51],[1,10,0,1],[2,7,8715,8653],[4377,10,4351,8713]];8740
351424.bm1;[0, 0, 0, -4046, 2977278];[[197,10,86,123],[1,0,10,1],[21,10,105,51],[1,10,0,1],[2,7,355,293],[191,352,0,267],[371,10,370,11]];380
351424.bn1;[0, 0, 0, -4046, -2977278];[[197,10,86,123],[1,0,10,1],[1,10,0,1],[2,7,355,293],[191,352,0,267],[126,5,275,376],[371,10,370,11]];380
352800.w1;[0, 0, 0, -3675, -99470];[[21,0,0,21],[1,16,0,9],[31,10,20,31],[31,30,30,11],[21,20,20,21],[31,0,0,31],[39,0,0,39],[9,0,0,9],[1,20,0,1],[31,25,25,6],[9,18,37,31],[9,8,15,23],[33,0,0,33],[9,8,32,1]];40
352800.x1;[0, 0, 0, -91875, -12433750];[[31,10,20,31],[1,20,0,1],[1,16,0,9],[31,30,30,11],[29,0,0,29],[31,32,25,17],[33,0,0,33],[39,0,0,39],[21,20,20,21],[21,0,0,21],[31,25,25,6],[31,0,0,31],[7,8,16,23],[7,3,6,33]];40
352800.gi1;[0, 0, 0, -8085000, 8852830000];[[1,0,10,1],[37,4,26,33],[1,10,0,1],[51,10,50,11],[6,5,35,56],[2,7,35,33],[37,10,26,3]];60
352800.gj1;[0, 0, 0, -8085000, -8852830000];[[1,0,10,1],[37,4,26,33],[1,10,0,1],[51,10,50,11],[41,10,25,51],[2,7,35,33],[37,10,26,3]];60
352800.iw1;[0, 0, 0, -323400, 70822640];[[1,0,10,1],[37,4,26,33],[1,10,0,1],[51,10,50,11],[41,10,25,51],[2,7,35,33],[37,10,26,3]];60
352800.ix1;[0, 0, 0, -323400, -70822640];[[1,0,10,1],[37,4,26,33],[1,10,0,1],[51,10,50,11],[41,10,25,51],[2,7,35,33],[37,10,26,3]];60
352800.og1;[0, 0, 0, -3675, 99470];[[21,0,0,21],[31,32,25,17],[1,16,0,9],[31,10,20,31],[31,30,30,11],[21,20,20,21],[39,0,0,39],[31,0,0,31],[9,0,0,9],[1,20,0,1],[31,25,25,6],[9,18,37,31],[33,0,0,33],[9,8,32,1]];40
352800.oh1;[0, 0, 0, -91875, 12433750];[[21,0,0,21],[31,32,8,39],[1,16,0,9],[31,10,20,31],[31,30,30,11],[21,20,20,21],[31,0,0,31],[39,0,0,39],[9,0,0,9],[1,20,0,1],[31,25,25,6],[9,8,15,23],[33,0,0,33],[31,22,3,9]];40
372100.a1;[0, 0, 0, -5674525, -5192190375];[[3,46,868,703],[611,20,10,201],[1,20,0,1],[17,8,984,1109],[649,1215,455,34],[1201,20,1200,21],[1,10,10,101],[243,1200,976,1219],[1,0,20,1]];1220
372100.f1;[0, 0, 0, -1525, -22875];[[3,46,868,703],[571,5,765,1186],[611,20,10,201],[1,20,0,1],[17,8,984,1109],[1201,20,1200,21],[1,10,10,101],[243,1200,976,1219],[1,0,20,1]];1220
376712.m1;[0, -1, 0, -9245140, 10820112164];[[944,1225,735,559],[3,46,3988,3283],[17,8,4104,4229],[4321,20,4320,21],[1737,1260,2604,1],[1,10,10,101],[2171,1260,630,3921],[1,0,20,1],[1859,0,0,4339],[1,20,0,1]];4340
376712.n1;[0, -1, 0, -3544, 80732];[[6199,0,0,8679],[8661,20,8660,21],[17,8,8444,8569],[3,46,8328,3283],[1737,1260,2604,1],[1,10,10,101],[4341,1260,4970,3921],[2451,2485,7525,8646],[6511,1260,0,1],[1,0,20,1],[1,20,0,1]];8680
376712.be1;[0, 1, 0, -9620, -366304];[[3396,3115,3605,3781],[3,46,3988,3283],[17,8,4104,4229],[4321,20,4320,21],[1737,1260,2604,1],[1,10,10,101],[2171,1260,630,3921],[1,0,20,1],[1859,0,0,4339],[1,20,0,1]];4340
376712.bg1;[0, 1, 0, -3406104, -2371027072];[[6199,0,0,8679],[8661,20,8660,21],[17,8,8444,8569],[3,46,8328,3283],[1737,1260,2604,1],[1,10,10,101],[4341,1260,4970,3921],[6511,1260,0,1],[1,0,20,1],[6229,6195,1155,34],[1,20,0,1]];8680
380061.c1;[0, 0, 1, -1835738256, -30270856666878];[[115161,10,115160,11],[1,0,10,1],[66661,10,102965,51],[2,7,115145,115083],[76781,10,38395,51],[20947,10,41861,115143],[1,69112,0,92137],[1,10,0,1]];115170
380061.d1;[0, 0, 1, -222124328976, 40290510223614285];[[115161,10,115160,11],[1,0,10,1],[66661,10,102965,51],[2,7,115145,115083],[76781,10,38395,51],[20947,10,41861,115143],[1,69112,0,92137],[1,10,0,1]];115170
384400.w1;[0, -1, 0, -4908, -130688];[[3,46,268,183],[601,20,600,21],[17,8,384,509],[296,15,505,61],[1,10,10,101],[123,600,496,619],[1,0,20,1],[309,600,610,419],[1,20,0,1]];620
384400.be1;[0, -1, 0, -1737808, -863083888];[[1221,20,1220,21],[621,20,10,201],[743,1220,1116,1239],[929,1220,0,1239],[29,1235,1155,34],[1,10,10,101],[17,8,1004,1129],[3,46,888,803],[1,0,20,1],[1,20,0,1]];1240
384400.bu1;[0, 1, 0, -4716908, 3940494188];[[3,46,268,183],[601,20,600,21],[17,8,384,509],[324,605,115,559],[1,10,10,101],[123,600,496,619],[1,0,20,1],[1,20,0,1],[309,600,610,419]];620
384400.cg1;[0, 1, 0, -1808, 28388];[[1221,20,1220,21],[1,20,0,1],[743,1220,1116,1239],[1,10,10,101],[929,1220,0,1239],[17,8,1004,1129],[621,20,10,201],[3,46,888,803],[1,0,20,1],[1211,5,85,1206]];1240
393129.w1;[0, 0, 1, -19918536, 83216116167];[[1,3772,0,5017],[1,0,10,1],[992,5,2321,28],[2,7,6245,6183],[6,5,4175,6266],[4566,5,4555,6266],[6261,10,6260,11],[1,10,0,1]];6270
393129.x1;[0, 0, 1, -55176, -12132398];[[1,3772,0,5017],[4181,10,2095,51],[1,0,10,1],[2,7,6245,6183],[6261,10,6260,11],[337,10,6251,6243],[2851,10,1715,51],[1,10,0,1]];6270
393129.y1;[0, 0, 1, -3073220436, 66428332291417];[[1,3772,0,5017],[1,0,10,1],[2,7,6245,6183],[2976,5,655,6266],[5702,5,11,28],[6,5,4175,6266],[6261,10,6260,11],[1,10,0,1]];6270
393129.z1;[0, 0, 1, -25398516, -49908589250];[[1,3772,0,5017],[1,0,10,1],[2,7,6245,6183],[2976,5,655,6266],[5702,5,11,28],[6,5,4175,6266],[6261,10,6260,11],[1,10,0,1]];6270
393129.bo1;[0, 0, 1, -179266824, -2246835136516];[[1,3772,0,5017],[4181,10,2095,51],[1,0,10,1],[2,7,6245,6183],[6261,10,6260,11],[337,10,6251,6243],[2851,10,1715,51],[1,10,0,1]];6270
393129.bp1;[0, 0, 1, -496584, 327574739];[[1,3772,0,5017],[4181,10,2095,51],[1,0,10,1],[2,7,6245,6183],[6261,10,6260,11],[337,10,6251,6243],[2851,10,1715,51],[1,10,0,1]];6270
399475.p1;[0, 0, 1, -134139500, 721095082031];[[1161,10,295,51],[5501,10,5500,11],[1,1112,5,3357],[1,0,10,1],[1,10,0,1],[4567,10,4921,5483],[2,7,5485,5423]];5510
399475.q1;[0, 0, 1, -159500, 29566406];[[1161,10,295,51],[5501,10,5500,11],[1,1112,5,3357],[1,0,10,1],[1,10,0,1],[4567,10,4921,5483],[2,7,5485,5423]];5510
399475.r1;[0, 0, 1, -6380, 236531];[[1161,10,295,51],[5501,10,5500,11],[1,1112,5,3357],[1,0,10,1],[1,10,0,1],[4567,10,4921,5483],[2,7,5485,5423]];5510
399475.s1;[0, 0, 1, -5365580, 5768760656];[[5501,10,5500,11],[2092,5,3241,28],[1,0,10,1],[1,10,0,1],[1456,5,5215,5506],[2,7,5485,5423],[6,1107,5505,3302]];5510
405600.w1;[0, -1, 0, -3098333, 2101202037];[[1,0,10,1],[37,4,26,33],[1,10,0,1],[51,10,50,11],[41,10,25,51],[2,7,35,33],[37,10,26,3]];60
405600.x1;[0, -1, 0, -123933, -16760043];[[1,0,10,1],[37,4,26,33],[1,10,0,1],[51,10,50,11],[6,5,35,56],[2,7,35,33],[37,10,26,3]];60
405600.gi1;[0, 1, 0, -123933, 16760043];[[1,0,10,1],[37,4,26,33],[1,10,0,1],[51,10,50,11],[6,5,35,56],[2,7,35,33],[37,10,26,3]];60
405600.gj1;[0, 1, 0, -3098333, -2101202037];[[1,0,10,1],[37,4,26,33],[1,10,0,1],[51,10,50,11],[41,10,25,51],[2,7,35,33],[37,10,26,3]];60
412368.a1;[0, -1, 0, -481303797, -3759629512131];[[2,7,7785,7723],[2137,10,4241,7783],[1,0,10,1],[1,10,0,1],[1,1572,0,4687],[7801,10,7800,11],[2421,10,4295,51]];7810
412368.j1;[0, -1, 0, -3977717, 2826111741];[[2,7,7785,7723],[1,0,10,1],[6716,5,3515,7806],[2842,5,11,28],[1,10,0,1],[1,1572,0,4687],[7801,10,7800,11]];7810
417316.b1;[0, -1, 0, -1830, -23591];[[1,20,0,1],[3877,3060,2584,1],[17,8,6224,6349],[1,10,10,101],[4179,0,0,6459],[6441,20,6440,21],[3,46,6108,1063],[3231,3060,1530,4761],[1,0,20,1],[2891,765,4505,1106]];6460
417316.c1;[0, 1, 0, -660750, 165774917];[[3569,5695,1955,5354],[1,20,0,1],[3877,3060,2584,1],[17,8,6224,6349],[1,10,10,101],[4179,0,0,6459],[6441,20,6440,21],[3,46,6108,1063],[3231,3060,1530,4761],[1,0,20,1]];6460
423200.p1;[0, -1, 0, -4408, 132152];[[21,0,0,21],[1,16,0,9],[31,10,20,31],[31,30,30,11],[21,20,20,21],[39,0,0,39],[31,0,0,31],[9,0,0,9],[1,20,0,1],[31,25,25,6],[9,18,37,31],[9,8,15,23],[33,0,0,33],[9,8,32,1]];40
423200.r1;[0, -1, 0, -110208, -16298588];[[31,10,20,31],[1,20,0,1],[1,16,0,9],[31,30,30,11],[29,0,0,29],[9,8,15,23],[33,0,0,33],[39,0,0,39],[21,20,20,21],[21,0,0,21],[31,25,25,6],[31,0,0,31],[7,8,16,23],[7,3,6,33]];40
423200.br1;[0, 1, 0, -110208, 16298588];[[21,0,0,21],[31,32,25,17],[31,32,8,39],[1,16,0,9],[31,10,20,31],[31,30,30,11],[21,20,20,21],[39,0,0,39],[31,0,0,31],[9,0,0,9],[1,20,0,1],[31,25,25,6],[33,0,0,33],[31,22,3,9]];40
423200.bt1;[0, 1, 0, -4408, -132152];[[21,0,0,21],[31,32,25,17],[1,16,0,9],[31,10,20,31],[31,30,30,11],[21,20,20,21],[39,0,0,39],[31,0,0,31],[9,0,0,9],[1,20,0,1],[31,25,25,6],[9,18,37,31],[33,0,0,33],[9,8,32,1]];40
424800.bg1;[0, 0, 0, 280500, -163555360];[[2,7,3515,3453],[1,0,10,1],[1,10,0,1],[2,5,1781,28],[1777,364,86,1893],[6,5,1175,3536],[366,5,3235,3536],[3531,10,3530,11]];3540
424800.bh1;[0, 0, 0, 7012500, 20444420000];[[1777,10,1751,3513],[2,7,3515,3453],[1,0,10,1],[61,10,305,51],[1181,10,2365,51],[1,10,0,1],[1777,364,86,1893],[3531,10,3530,11]];3540
424800.ce1;[0, 0, 0, -44587800, -81349002000];[[2,7,3515,3453],[1777,10,86,123],[1,0,10,1],[1181,10,2365,51],[1771,1072,1775,1467],[3531,10,3530,11],[61,10,305,51],[1,10,0,1]];3540
424800.cg1;[0, 0, 0, -4954200, -3012926000];[[6,1067,1765,3182],[2,7,3515,3453],[1777,10,86,123],[6,5,1175,3536],[1,0,10,1],[3531,10,3530,11],[366,5,3235,3536],[1,10,0,1]];3540
424800.cs1;[0, 0, 0, -44587800, 81349002000];[[2,7,3515,3453],[1777,10,86,123],[1,0,10,1],[1181,10,2365,51],[1771,1072,1775,1467],[3531,10,3530,11],[61,10,305,51],[1,10,0,1]];3540
424800.cu1;[0, 0, 0, -4954200, 3012926000];[[2,7,3515,3453],[1777,10,86,123],[1,0,10,1],[1181,10,2365,51],[1771,1072,1775,1467],[3531,10,3530,11],[61,10,305,51],[1,10,0,1]];3540
424800.dq1;[0, 0, 0, 7012500, -20444420000];[[1777,10,1751,3513],[2,7,3515,3453],[1,0,10,1],[61,10,305,51],[1181,10,2365,51],[1,10,0,1],[1777,364,86,1893],[3531,10,3530,11]];3540
424800.dr1;[0, 0, 0, 280500, 163555360];[[2,7,3515,3453],[1,0,10,1],[1,10,0,1],[2,5,1781,28],[1777,364,86,1893],[6,5,1175,3536],[366,5,3235,3536],[3531,10,3530,11]];3540
427232.d1;[0, 0, 0, -494320099, 4230968710566];[[20541,10,20545,51],[2,7,41055,40993],[30817,10,20626,123],[41071,10,41070,11],[1,0,10,1],[3161,10,15805,51],[10271,6172,0,18487],[28601,10,19765,51],[1,10,0,1]];41080
427232.e1;[0, 0, 0, -494320099, -4230968710566];[[20541,10,20545,51],[2,7,41055,40993],[30817,10,20626,123],[41071,10,41070,11],[1,0,10,1],[3161,10,15805,51],[10271,6172,0,18487],[28601,10,19765,51],[1,10,0,1]];41080
432450.p1;[1, -1, 0, -80067, 8740341];[[1,0,10,1],[2791,3172,0,2047],[1861,10,1865,51],[2791,10,2795,51],[1241,10,2485,51],[3711,10,3710,11],[1447,10,2981,3693],[2,7,3695,3633],[1,10,0,1]];3720
432450.bc1;[1, -1, 0, -76944567, -259767942659];[[1,0,10,1],[2791,3172,0,2047],[1861,10,1865,51],[2791,10,2795,51],[1241,10,2485,51],[3711,10,3710,11],[1447,10,2981,3693],[2,7,3695,3633],[1,10,0,1]];3720
432450.ez1;[1, -1, 1, -692501105, 7014426952897];[[2,7,3695,3633],[3711,10,3710,11],[6,5,1855,3716],[1,0,10,1],[1866,5,925,3716],[1,10,0,1],[2791,3172,0,2047],[3602,5,1211,28],[6,5,1235,3716]];3720
432450.fh1;[1, -1, 1, -720605, -235268603];[[2,7,3695,3633],[3711,10,3710,11],[6,5,1855,3716],[1,0,10,1],[1866,5,925,3716],[1,10,0,1],[2791,3172,0,2047],[3602,5,1211,28],[6,5,1235,3716]];3720
434400.i1;[0, -1, 0, -3725258, 4241864472];[[5437,10,86,123],[2,7,10835,10773],[10681,10,9965,51],[5437,9784,86,5553],[1,0,10,1],[1,10,0,1],[7241,10,3625,51],[10851,10,10850,11]];10860
434400.l1;[0, -1, 0, -93131458, -530046796088];[[5437,10,86,123],[2,7,10835,10773],[10681,10,9965,51],[5437,9784,86,5553],[1,0,10,1],[1,10,0,1],[7241,10,3625,51],[10851,10,10850,11]];10860
434400.bq1;[0, 1, 0, -3725258, -4241864472];[[1,0,10,1],[6,5,7235,10856],[5437,10,86,123],[9786,5,895,10856],[5437,9784,86,5553],[10851,10,10850,11],[2,7,10835,10773],[1,10,0,1]];10860
434400.bt1;[0, 1, 0, -93131458, 530046796088];[[5437,10,86,123],[2,7,10835,10773],[10681,10,9965,51],[5437,9784,86,5553],[1,0,10,1],[1,10,0,1],[7241,10,3625,51],[10851,10,10850,11]];10860
435600.ez1;[0, 0, 0, -299475, -130451310];[[47,10,61,413],[1,0,10,1],[221,10,225,51],[2,7,415,353],[431,10,430,11],[337,384,306,233],[1,10,0,1],[111,10,0,1]];440
435600.fa1;[0, 0, 0, -61875, 12251250];[[1,0,10,1],[202,5,11,28],[6,5,215,436],[2,7,415,353],[431,10,430,11],[337,384,306,233],[1,10,0,1],[111,10,0,1]];440
435600.pr1;[0, 0, 0, -7486875, -16306413750];[[47,10,61,413],[1,0,10,1],[221,10,225,51],[2,7,415,353],[431,10,430,11],[337,384,306,233],[1,10,0,1],[111,10,0,1]];440
435600.ps1;[0, 0, 0, -2475, 98010];[[1,0,10,1],[202,5,11,28],[6,5,215,436],[2,7,415,353],[431,10,430,11],[337,384,306,233],[1,10,0,1],[111,10,0,1]];440
441408.u1;[0, -1, 0, -3783589, 2870844055];[[3631,10,5615,51],[2,7,6245,6183],[4181,10,2095,51],[6261,10,6260,11],[1,0,10,1],[1,3772,0,5017],[1,10,0,1],[1147,10,2261,6243]];6270
441408.y1;[0, -1, 0, -31269, -2145537];[[3631,10,5615,51],[2,7,6245,6183],[4181,10,2095,51],[6261,10,6260,11],[1,0,10,1],[1,3772,0,5017],[1,10,0,1],[1147,10,2261,6243]];6270
441408.et1;[0, 1, 0, -3783589, -2870844055];[[1,3772,0,5017],[1,0,10,1],[2,7,6245,6183],[2976,5,655,6266],[5702,5,11,28],[6,5,4175,6266],[6261,10,6260,11],[1,10,0,1]];6270
441408.ex1;[0, 1, 0, -31269, 2145537];[[3631,10,5615,51],[2,7,6245,6183],[4181,10,2095,51],[6261,10,6260,11],[1,0,10,1],[1,3772,0,5017],[1,10,0,1],[1147,10,2261,6243]];6270
445904.z1;[0, 0, 0, -706211, 215050658];[[8991,16192,0,12587],[8991,10,8995,51],[17971,10,17970,11],[1,0,10,1],[4961,10,6825,51],[15087,10,10421,17953],[1,10,0,1],[2,7,17955,17893]];17980
445904.ba1;[0, 0, 0, -678668771, -6406574152478];[[8991,16192,0,12587],[8991,10,8995,51],[17971,10,17970,11],[1,0,10,1],[4961,10,6825,51],[15087,10,10421,17953],[1,10,0,1],[2,7,17955,17893]];17980
462400.cu1;[0, -1, 0, -240833, 52849537];[[21,0,0,21],[31,32,8,39],[1,16,0,9],[31,10,20,31],[31,30,30,11],[21,20,20,21],[39,0,0,39],[31,0,0,31],[9,0,0,9],[1,20,0,1],[31,25,25,6],[9,18,37,31],[9,8,15,23],[33,0,0,33]];40
462400.cx1;[0, -1, 0, -9633, -418943];[[21,0,0,21],[33,32,24,17],[1,16,0,9],[31,10,20,31],[7,3,6,33],[31,30,30,11],[21,20,20,21],[29,0,0,29],[39,0,0,39],[31,0,0,31],[1,20,0,1],[31,25,25,6],[9,8,15,23],[33,0,0,33]];40
462400.gp1;[0, 1, 0, -9633, 418943];[[21,0,0,21],[31,32,25,17],[1,16,0,9],[31,10,20,31],[31,30,30,11],[21,20,20,21],[39,0,0,39],[31,0,0,31],[9,0,0,9],[1,20,0,1],[31,25,25,6],[33,0,0,33],[31,22,3,9],[9,8,32,1]];40
462400.gs1;[0, 1, 0, -240833, -52849537];[[21,0,0,21],[31,32,8,39],[31,32,25,17],[1,16,0,9],[31,10,20,31],[31,30,30,11],[21,20,20,21],[39,0,0,39],[31,0,0,31],[9,0,0,9],[1,20,0,1],[31,25,25,6],[9,18,37,31],[33,0,0,33]];40
471105.v1;[0, 0, 1, -96423822, -409535013130];[[5501,10,5500,11],[1,1112,5,3357],[1,0,10,1],[2617,10,5491,5483],[1,10,0,1],[2,7,5485,5423],[3801,10,2475,51]];5510
471105.x1;[0, 0, 1, -267102, 59707685];[[5501,10,5500,11],[1,1112,5,3357],[1,0,10,1],[2617,10,5491,5483],[1,10,0,1],[2,7,5485,5423],[3801,10,2475,51]];5510
482657.f1;[0, 0, 1, -2304580802018, -1346591958872140075];[[2,7,36265,36203],[36281,10,36280,11],[32871,10,19195,51],[1,29042,0,14517],[1,0,10,1],[1,10,0,1],[26747,10,36271,36263]];36290
482657.g1;[0, 0, 1, -6383880338, 196324822696040];[[2,7,36265,36203],[15776,5,17095,36286],[7642,5,5741,28],[36281,10,36280,11],[1,29042,0,14517],[1,0,10,1],[1,10,0,1]];36290
484128.s1;[0, 0, 0, 3827637, -3050029934];[[2,7,4895,4833],[3281,10,1645,51],[1,0,10,1],[1,10,0,1],[2461,10,2465,51],[4911,10,4910,11],[1231,1732,0,247],[3697,10,2546,123],[1441,10,2285,51]];4920
484128.t1;[0, 0, 0, 3827637, 3050029934];[[2,7,4895,4833],[6,5,2455,4916],[6,5,3275,4916],[1,0,10,1],[3726,5,2635,4916],[1,10,0,1],[4911,10,4910,11],[1231,1732,0,247],[3697,10,2546,123]];4920
484128.bd1;[0, 0, 0, 34448733, 82350808218];[[2,7,4895,4833],[3281,10,1645,51],[1,0,10,1],[1,10,0,1],[2461,10,2465,51],[4911,10,4910,11],[1231,1732,0,247],[3697,10,2546,123],[1441,10,2285,51]];4920
484128.be1;[0, 0, 0, 34448733, -82350808218];[[2,7,4895,4833],[6,5,2455,4916],[6,5,3275,4916],[1,0,10,1],[3726,5,2635,4916],[1,10,0,1],[4911,10,4910,11],[1231,1732,0,247],[3697,10,2546,123]];4920
484128.bw1;[0, 0, 0, -1517020131, -22742340543898];[[2,7,4895,4833],[6,5,2455,4916],[6,5,3275,4916],[1,0,10,1],[1,10,0,1],[2882,5,1091,28],[4911,10,4910,11],[1231,1732,0,247],[3697,10,2546,123]];4920
484128.bx1;[0, 0, 0, -902451, 329976938];[[247,10,2141,4893],[2,7,4895,4833],[3281,10,1645,51],[1,0,10,1],[1,10,0,1],[2461,10,2465,51],[4911,10,4910,11],[1231,1732,0,247],[3697,10,2546,123]];4920
484128.by1;[0, 0, 0, -1517020131, 22742340543898];[[2,7,4895,4833],[6,5,2455,4916],[6,5,3275,4916],[1,0,10,1],[1,10,0,1],[2882,5,1091,28],[4911,10,4910,11],[1231,1732,0,247],[3697,10,2546,123]];4920
484128.bz1;[0, 0, 0, -902451, -329976938];[[247,10,2141,4893],[2,7,4895,4833],[3281,10,1645,51],[1,0,10,1],[1,10,0,1],[2461,10,2465,51],[4911,10,4910,11],[1231,1732,0,247],[3697,10,2546,123]];4920
488072.e1;[0, -1, 0, -71712, -7367699];[[1519,0,0,4939],[1977,780,2964,1],[4031,2665,325,1106],[17,8,4704,4829],[4921,20,4920,21],[1,10,10,101],[3,46,4588,4483],[1,0,20,1],[2471,780,0,1],[1,20,0,1]];4940
488072.w1;[0, 1, 0, -25888152, 50690376101];[[1519,0,0,4939],[1977,780,2964,1],[17,8,4704,4829],[909,2275,4615,3834],[4921,20,4920,21],[1,10,10,101],[3,46,4588,4483],[1,0,20,1],[2471,780,0,1],[1,20,0,1]];4940
494018.ba1;[1, 0, 0, -534532622, 4756653698852];[[2,7,2815,2753],[1327,10,861,2813],[1421,10,1425,51],[711,1572,0,1847],[1,0,10,1],[1,10,0,1],[2831,10,2830,11],[711,10,715,51]];2840
494018.bb1;[1, 0, 0, -106037, -13299007];[[2,7,2815,2753],[6,5,1415,2836],[711,1572,0,1847],[1,0,10,1],[1,10,0,1],[1426,5,2125,2836],[2002,5,2491,28],[2831,10,2830,11]];2840
705600.df1;[0, 0, 0, -14700, 795760];[[21,0,0,21],[31,32,25,17],[1,16,0,9],[31,10,20,31],[31,30,30,11],[21,20,20,21],[39,0,0,39],[31,0,0,31],[9,0,0,9],[1,20,0,1],[31,25,25,6],[33,0,0,33],[31,22,3,9],[9,8,32,1]];40
705600.di1;[0, 0, 0, -367500, 99470000];[[21,0,0,21],[31,32,8,39],[1,16,0,9],[31,10,20,31],[31,30,30,11],[21,20,20,21],[31,0,0,31],[39,0,0,39],[9,0,0,9],[1,20,0,1],[31,25,25,6],[9,18,37,31],[9,8,15,23],[33,0,0,33]];40
705600.vw1;[0, 0, 0, -80850, -8852830];[[1,0,10,1],[37,4,26,33],[1,10,0,1],[51,10,50,11],[41,10,25,51],[2,7,35,33],[37,10,26,3]];60
705600.wf1;[0, 0, 0, -80850, 8852830];[[1,0,10,1],[37,4,26,33],[1,10,0,1],[51,10,50,11],[6,5,35,56],[2,7,35,33],[37,10,26,3]];60
705600.bgq1;[0, 0, 0, -2021250, -1106603750];[[1,0,10,1],[37,4,26,33],[1,10,0,1],[51,10,50,11],[41,10,25,51],[2,7,35,33],[37,10,26,3]];60
705600.bgz1;[0, 0, 0, -2021250, 1106603750];[[1,0,10,1],[37,4,26,33],[1,10,0,1],[51,10,50,11],[41,10,25,51],[2,7,35,33],[37,10,26,3]];60
705600.bzo1;[0, 0, 0, -14700, -795760];[[21,0,0,21],[1,16,0,9],[31,10,20,31],[31,30,30,11],[21,20,20,21],[31,0,0,31],[39,0,0,39],[9,0,0,9],[1,20,0,1],[31,25,25,6],[9,8,15,23],[33,0,0,33],[31,22,3,9],[9,8,32,1]];40
705600.bzr1;[0, 0, 0, -367500, -99470000];[[21,0,0,21],[31,32,8,39],[31,32,25,17],[1,16,0,9],[31,10,20,31],[31,30,30,11],[21,20,20,21],[31,0,0,31],[39,0,0,39],[9,0,0,9],[1,20,0,1],[31,25,25,6],[9,18,37,31],[33,0,0,33]];40
